tree
version=v4
num_class=1
num_tree_per_iteration=1
label_index=0
max_feature_idx=5
objective=binary sigmoid:1
feature_names=Column_0 Column_1 Column_2 Column_3 Column_4 Column_5
feature_infos=[-3.0127990560571534:2.5240766703921902] [-3.3239541677974169:2.0063609881161062] [-3.0685728753362929:2.2560711356606338] [-4.1962654668967732:2.0913434971199814] [-2.7593356367455395:2.3777643145689176] [-3.5935234660469555:1.9858391297113331]
tree_sizes=668 682 679 683 683 681 686 684 686 682 684 683 685 687 687 685 678 684 681 683 683 680 686 685 683 681 683 683 682 685 677 687 683 689 685 686 686 685 686 684 684 686 681 686 686 684 688 682 687 682 686 681 685 685 687 686 685 683 687 683 686 685 687 687 687 688 688 685 683 689 684 688 688 686 684 686 687 686 688 683 682 687 683 682 688 686 685 684 685 689 687 686 680 688 686 684 688 688 683 682

Tree=0
num_leaves=5
num_cat=0
split_feature=0 4 2 4
split_gain=3033.57 253.133 112.68 38.93
threshold=-0.44175426685919622 -0.24994612118022397 -0.38314043576232176 -0.75281003196148555
decision_type=2 2 2 2
left_child=1 -1 3 -2
right_child=2 -3 -4 -5
leaf_value=-0.56279612218056463 -0.56473753946527705 -0.59724307148210243 -0.6047449263593806 -0.59182431326281293
leaf_weight=303.13860945403576 6.1958686262369147 22.947661578655243 526.18987999856472 36.945735141634941
leaf_count=1321 27 100 2293 161
internal_value=-0.589541 -0.56522 -0.603471 -0.587934
internal_weight=895.418 326.086 569.331 43.1416
internal_count=3902 1421 2481 188
is_linear=0
shrinkage=1


Tree=1
num_leaves=5
num_cat=0
split_feature=0 4 4 0
split_gain=2964.64 245.08 102.416 52.6536
threshold=-0.44175426685919622 -0.24994612118022397 -0.73308987859751451 -0.338122902995171
decision_type=2 2 2 2
left_child=1 -1 -2 -4
right_child=2 -3 3 -5
leaf_value=0.026278815140172506 0.021518629246981693 -0.0076418955158674565 -0.00402529869737632 -0.015269160753530886
leaf_weight=305.42021250724792 8.0720665305852872 22.896765172481537 45.323257654905319 513.64032059907913
leaf_count=1321 35 100 198 2248
internal_value=-5.47103e-07 0.0239132 -0.0138467 -0.0143575
internal_weight=895.353 328.317 567.036 558.964
internal_count=3902 1421 2481 2446
is_linear=0
shrinkage=0.01


Tree=2
num_leaves=5
num_cat=0
split_feature=2 4 0 4
split_gain=2901.54 186.87 107.75 92.3667
threshold=-0.48482634569455468 -0.28938642790816599 -0.40721047890452117 -0.24008604449823845
decision_type=2 2 2 2
left_child=1 -1 3 -2
right_child=2 -3 -4 -5
leaf_value=0.025635574568633454 0.019851761954818126 -0.003839400956169337 -0.014859010314133756 -0.0130929945012523
leaf_weight=306.71205325424671 17.138748705387115 23.131906867027283 531.24628566205502 16.903895169496536
leaf_count=1318 74 101 2335 74
internal_value=-1.06715e-06 0.0235685 -0.0137538 0.00349302
internal_weight=895.133 329.844 565.289 34.0426
internal_count=3902 1419 2483 148
is_linear=0
shrinkage=0.01


Tree=3
num_leaves=5
num_cat=0
split_feature=2 5 0 5
split_gain=2837.3 178.394 106.394 72.7102
threshold=-0.48482634569455468 -0.068425305809513393 -0.40721047890452117 -0.058619747644736091
decision_type=2 2 2 2
left_child=1 -1 3 -2
right_child=2 -3 -4 -5
leaf_value=0.025077623598246421 0.016607389495661005 -0.0053078778653866529 -0.014777192309686348 -0.012772286456302722
leaf_weight=311.24446871876717 18.816898554563522 20.60064123570919 528.85779263079166 15.251009002327917
leaf_count=1329 81 90 2335 67
internal_value=-1.56247e-06 0.0231913 -0.0136738 0.00345514
internal_weight=894.771 331.845 562.926 34.0679
internal_count=3902 1419 2483 148
is_linear=0
shrinkage=0.01


Tree=4
num_leaves=5
num_cat=0
split_feature=0 4 4 0
split_gain=2775.53 224.78 98.7151 51.0651
threshold=-0.44175426685919622 -0.21050581445228186 -0.73308987859751451 -0.338122902995171
decision_type=2 2 2 2
left_child=1 -1 -2 -4
right_child=2 -3 3 -5
leaf_value=0.024912315994532832 0.020935954963898551 -0.0091079953280883055 -0.0039328410348690428 -0.015029036979778697
leaf_weight=313.48944436013699 8.1508863717317563 20.704049378633499 45.170939192175865 506.75162170827389
leaf_count=1330 35 91 198 2248
internal_value=-2.03148e-06 0.0228047 -0.0136107 -0.0141209
internal_weight=894.267 334.193 560.073 551.923
internal_count=3902 1421 2481 2446
is_linear=0
shrinkage=0.01


Tree=5
num_leaves=5
num_cat=0
split_feature=2 4 1 4
split_gain=2717.5 170.878 95.2441 82.852
threshold=-0.48482634569455468 -0.28938642790816599 -0.2911886480535158 -0.21050581445228186
decision_type=2 2 2 2
left_child=1 -1 3 -2
right_child=2 -3 -4 -5
leaf_value=0.024432448774873005 0.011058043127573707 -0.0037681505241967755 -0.014856238297875727 -0.014039234398719506
leaf_weight=312.36654795706272 27.97733037173748 23.073801204562187 505.37623113393784 24.825809195637703
leaf_count=1318 121 101 2252 110
internal_value=-2.48027e-06 0.0224926 -0.013521 -0.000741638
internal_weight=893.62 335.44 558.179 52.8031
internal_count=3902 1419 2483 231
is_linear=0
shrinkage=0.01


Tree=6
num_leaves=5
num_cat=0
split_feature=0 5 2 3
split_gain=2660.14 206.247 105.606 31.3433
threshold=-0.44175426685919622 -0.068425305809513393 -0.38314043576232176 -0.40351051841877678
decision_type=2 2 2 2
left_child=1 -1 3 -2
right_child=2 -3 -4 -5
leaf_value=0.024212805011537292 0.012538224223783178 -0.0072828274720310492 -0.014726530322952361 -0.0050552504239647442
leaf_weight=315.29395769536495 16.233112782239914 22.259406238794327 512.14382441341877 26.916142553091049
leaf_count=1323 70 98 2293 118
internal_value=-2.90676e-06 0.0221359 -0.0134607 0.00156356
internal_weight=892.846 337.553 555.293 43.1493
internal_count=3902 1421 2481 188
is_linear=0
shrinkage=0.01


Tree=7
num_leaves=5
num_cat=0
split_feature=2 4 0 4
split_gain=2604.68 161.632 101.544 84.7545
threshold=-0.48482634569455468 -0.28938642790816599 -0.40721047890452117 -0.24008604449823845
decision_type=2 2 2 2
left_child=1 -1 3 -2
right_child=2 -3 -4 -5
leaf_value=0.023706545993671533 0.018734927727897279 -0.0037286338913594436 -0.014470576085138831 -0.012799421467096693
leaf_weight=315.60368518531322 17.459071457386017 23.041758805513382 519.18242914974689 16.652209401130676
leaf_count=1318 74 101 2335 74
internal_value=-3.31194e-06 0.0218398 -0.0133725 0.00334071
internal_weight=891.939 338.645 553.294 34.1113
internal_count=3902 1419 2483 148
is_linear=0
shrinkage=0.01


Tree=8
num_leaves=5
num_cat=0
split_feature=0 5 2 3
split_gain=2551.25 195.146 103.226 30.2632
threshold=-0.44175426685919622 -0.068425305809513393 -0.38314043576232176 -0.40351051841877678
decision_type=2 2 2 2
left_child=1 -1 3 -2
right_child=2 -3 -4 -5
leaf_value=0.023507437773977555 0.012274583769374773 -0.0071791186706248768 -0.014577960904585421 -0.0049954083502903061
leaf_weight=318.36182729899883 16.312202155590057 22.166430771350861 507.21424055099487 26.846350267529488
leaf_count=1323 70 98 2293 118
internal_value=-3.70069e-06 0.0215099 -0.0133147 0.00153196
internal_weight=890.901 340.528 550.373 43.1586
internal_count=3902 1421 2481 188
is_linear=0
shrinkage=0.01


Tree=9
num_leaves=5
num_cat=0
split_feature=2 4 0 4
split_gain=2498.98 153.239 99.0378 81.6737
threshold=-0.48482634569455468 -0.28938642790816599 -0.40721047890452117 -0.24008604449823845
decision_type=2 2 2 2
left_child=1 -1 3 -2
right_child=2 -3 -4 -5
leaf_value=0.023033592534658542 0.01827401221827674 -0.003689571286848224 -0.014324318083417085 -0.012681232013600122
leaf_weight=318.44185504317284 17.582245081663132 23.008678704500198 514.16762202978134 16.543050736188889
leaf_count=1318 74 101 2335 74
internal_value=-4.06959e-06 0.0212328 -0.0132294 0.00326772
internal_weight=889.743 341.451 548.293 34.1253
internal_count=3902 1419 2483 148
is_linear=0
shrinkage=0.01


Tree=10
num_leaves=5
num_cat=0
split_feature=0 4 2 4
split_gain=2449.1 192.122 100.938 33.2711
threshold=-0.44175426685919622 -0.21050581445228186 -0.38314043576232176 -0.75281003196148555
decision_type=2 2 2 2
left_child=1 -1 3 -2
right_child=2 -3 -4 -5
leaf_value=0.022810493968770721 0.022510178836120262 -0.0088082360042708013 -0.014434850971924738 -0.0021676889121025555
leaf_weight=322.67441086471081 6.4175462573766699 20.434108793735504 502.19583015143871 36.740492343902588
leaf_count=1330 27 91 2293 161
internal_value=-4.42288e-06 0.0209274 -0.0131737 0.00150188
internal_weight=888.462 343.109 545.354 43.158
internal_count=3902 1421 2481 188
is_linear=0
shrinkage=0.01


Tree=11
num_leaves=5
num_cat=0
split_feature=2 4 0 4
split_gain=2401.2 188.614 57.8734 57.2271
threshold=-0.44784965117374276 -0.24994612118022397 -0.40721047890452117 -0.24008604449823845
decision_type=2 2 2 2
left_child=1 -1 3 -2
right_child=2 -3 -4 -5
leaf_value=0.021970201223339311 0.016530015174490185 -0.0064796738645472663 -0.014310317028100261 -0.0128763774887831
leaf_weight=333.27056881785393 12.393056660890581 25.055010259151459 502.14755055308342 14.201390117406843
leaf_count=1371 52 111 2304 64
internal_value=-4.76009e-06 0.0199809 -0.0135489 0.000827051
internal_weight=887.068 358.326 528.742 26.5944
internal_count=3902 1482 2420 116
is_linear=0
shrinkage=0.01


Tree=12
num_leaves=5
num_cat=0
split_feature=2 4 0 4
split_gain=2353.79 183.732 57.2295 56.0758
threshold=-0.44784965117374276 -0.24994612118022397 -0.40721047890452117 -0.24008604449823845
decision_type=2 2 2 2
left_child=1 -1 3 -2
right_child=2 -3 -4 -5
leaf_value=0.021674370877003343 0.016308795169136848 -0.0064279378398783794 -0.014240975095725732 -0.012803401447728641
leaf_weight=334.43516281247139 12.435334578156473 25.004357501864433 499.55965565145016 14.139819845557211
leaf_count=1371 52 111 2304 64
internal_value=-5.08572e-06 0.0197194 -0.0134803 0.000819093
internal_weight=885.574 359.44 526.135 26.5752
internal_count=3902 1482 2420 116
is_linear=0
shrinkage=0.01


Tree=13
num_leaves=5
num_cat=0
split_feature=0 5 2 3
split_gain=2309.03 172.321 96.8988 28.3967
threshold=-0.44175426685919622 -0.068425305809513393 -0.38314043576232176 -0.40351051841877678
decision_type=2 2 2 2
left_child=1 -1 3 -2
right_child=2 -3 -4 -5
leaf_value=0.021971502896505565 0.011720083582059077 -0.0069756817964077202 -0.014229448236995321 -0.0049719190844361369
leaf_weight=324.28701263666153 16.458042964339256 21.957298532128334 494.50097455084324 26.768315047025681
leaf_count=1323 70 98 2293 118
internal_value=-5.39652e-06 0.0201358 -0.0129744 0.00138341
internal_weight=883.972 346.244 537.727 43.2264
internal_count=3902 1421 2481 188
is_linear=0
shrinkage=0.01


Tree=14
num_leaves=5
num_cat=0
split_feature=2 5 0 5
split_gain=2263.86 168.934 55.9578 42.7765
threshold=-0.44784965117374276 -0.068425305809513393 -0.40721047890452117 -0.058619747644736091
decision_type=2 2 2 2
left_child=1 -1 3 -2
right_child=2 -3 -4 -5
leaf_value=0.02108163556732337 0.012972336837973717 -0.0059720913051550008 -0.014107149045091763 -0.012446098661670306
leaf_weight=336.58572661876678 13.826117888092996 24.780858770012856 494.36229972541332 12.704319208860396
leaf_count=1372 58 110 2304 58
internal_value=-5.69076e-06 0.0192264 -0.0133479 0.000800509
internal_weight=882.259 361.367 520.893 26.5304
internal_count=3902 1482 2420 116
is_linear=0
shrinkage=0.01


Tree=15
num_leaves=5
num_cat=0
split_feature=2 4 1 4
split_gain=2220.37 171.735 53.3747 51.3623
threshold=-0.44784965117374276 -0.24994612118022397 -0.2911886480535158 -0.21050581445228186
decision_type=2 2 2 2
left_child=1 -1 3 -2
right_child=2 -3 -4 -5
leaf_value=0.020859863139788354 0.0084609575746230903 -0.0063467922325738954 -0.014235343190092118 -0.01366310369302034
leaf_weight=337.31464067101479 21.232575878500938 24.914854228496552 476.25510048866272 20.746499702334404
leaf_count=1371 92 111 2232 96
internal_value=-5.97483e-06 0.0189885 -0.0132825 -0.00247299
internal_weight=880.464 362.229 518.234 41.9791
internal_count=3902 1482 2420 188
is_linear=0
shrinkage=0.01


Tree=16
num_leaves=5
num_cat=0
split_feature=0 4 4 0
split_gain=2181.37 166.44 86.4204 46.4699
threshold=-0.44175426685919622 -0.21050581445228186 -0.73308987859751451 -0.338122902995171
decision_type=2 2 2 2
left_child=1 -1 -2 -4
right_child=2 -3 3 -5
leaf_value=0.021131880699429336 0.019119098464261099 -0.0084912164727160653 -0.0034914912387477752 -0.014205871949002984
leaf_weight=328.4876724332571 8.355804890394209 20.12917959690094 44.23035229742527 477.37005420029163
leaf_count=1330 35 91 198 2248
internal_value=-6.25015e-06 0.0194214 -0.0127862 -0.0132973
internal_weight=878.573 348.617 529.956 521.6
internal_count=3902 1421 2481 2446
is_linear=0
shrinkage=0.01


Tree=17
num_leaves=5
num_cat=0
split_feature=0 5 2 3
split_gain=2139.83 156.786 92.3204 26.9142
threshold=-0.44175426685919622 -0.068425305809513393 -0.38314043576232176 -0.40351051841877678
decision_type=2 2 2 2
left_child=1 -1 3 -2
right_child=2 -3 -4 -5
leaf_value=0.020918088155881392 0.011290237789654902 -0.006796171987890065 -0.013973232752022245 -0.0049386438398549308
leaf_weight=327.506263718009 16.561502575874329 21.769570037722588 484.05166651308537 26.683249250054359
leaf_count=1323 70 98 2293 118
internal_value=-6.51082e-06 0.0191907 -0.0127226 0.00127655
internal_weight=876.572 349.276 527.296 43.2448
internal_count=3902 1421 2481 188
is_linear=0
shrinkage=0.01


Tree=18
num_leaves=5
num_cat=0
split_feature=0 4 4 0
split_gain=2099.43 159.176 84.3672 45.9384
threshold=-0.44175426685919622 -0.21050581445228186 -0.73308987859751451 -0.338122902995171
decision_type=2 2 2 2
left_child=1 -1 -2 -4
right_child=2 -3 3 -5
leaf_value=0.020629389114011087 0.018792411819739802 -0.0083995384906227506 -0.0034076435680254675 -0.014082741010277844
leaf_weight=329.82347689568996 8.3919398188590986 20.036750048398972 44.074877396225929 472.15098808705807
leaf_count=1330 35 91 198 2248
internal_value=-6.7576e-06 0.0189669 -0.01266 -0.0131713
internal_weight=874.478 349.86 524.618 516.226
internal_count=3902 1421 2481 2446
is_linear=0
shrinkage=0.01


Tree=19
num_leaves=5
num_cat=0
split_feature=2 4 1 4
split_gain=2061.99 156.976 51.3049 48.9108
threshold=-0.44784965117374276 -0.24994612118022397 -0.2911886480535158 -0.21050581445228186
decision_type=2 2 2 2
left_child=1 -1 3 -2
right_child=2 -3 -4 -5
leaf_value=0.019902226078981212 0.0082032124983061599 -0.0061869180304493778 -0.013989749136383036 -0.013463939837580164
leaf_weight=339.9419307410717 21.267827928066254 24.741360157728195 465.92136839032173 20.422866597771645
leaf_count=1371 92 111 2232 96
internal_value=-6.9958e-06 0.0181322 -0.0130388 -0.0024108
internal_weight=872.295 364.683 507.612 41.6907
internal_count=3902 1482 2420 188
is_linear=0
shrinkage=0.01


Tree=20
num_leaves=5
num_cat=0
split_feature=2 4 0 4
split_gain=2024.01 153.361 52.7343 50.2858
threshold=-0.44784965117374276 -0.24994612118022397 -0.40721047890452117 -0.24008604449823845
decision_type=2 2 2 2
left_child=1 -1 3 -2
right_child=2 -3 -4 -5
leaf_value=0.019672521872102715 0.015238885493648897 -0.0061375733598015795 -0.013736776967197519 -0.012415606393746481
leaf_weight=340.46936967968941 12.587579965591432 24.691124320030212 478.53609576821327 13.766222685575483
leaf_count=1371 52 111 2304 64
internal_value=-7.23107e-06 0.0179273 -0.0129784 0.000793232
internal_weight=870.05 365.16 504.89 26.3538
internal_count=3902 1482 2420 116
is_linear=0
shrinkage=0.01


Tree=21
num_leaves=5
num_cat=0
split_feature=0 4 4 0
split_gain=1988.1 148.709 81.0933 44.7958
threshold=-0.44175426685919622 -0.21050581445228186 -0.73308987859751451 -0.338122902995171
decision_type=2 2 2 2
left_child=1 -1 -2 -4
right_child=2 -3 3 -5
leaf_value=0.019947265279931438 0.018254088215584715 -0.0082239198893796807 -0.0033367163799988544 -0.013909239214912042
leaf_weight=331.23808951675892 8.4414681643247587 19.861706078052521 43.861357167363167 464.30715517699718
leaf_count=1330 35 91 198 2248
internal_value=-7.45403e-06 0.0183536 -0.0124861 -0.0129967
internal_weight=867.71 351.1 516.61 508.169
internal_count=3902 1421 2481 2446
is_linear=0
shrinkage=0.01


Tree=22
num_leaves=5
num_cat=0
split_feature=2 5 0 5
split_gain=1952.52 142.216 51.4675 38.1253
threshold=-0.44784965117374276 -0.068425305809513393 -0.40721047890452117 -0.058619747644736091
decision_type=2 2 2 2
left_child=1 -1 3 -2
right_child=2 -3 -4 -5
leaf_value=0.019214296360936158 0.012078327095576578 -0.0057349158543033522 -0.013620723386935612 -0.012043066683782579
leaf_weight=341.34224866330624 13.952335506677629 24.486208990216255 473.14582261443138 12.35478265583515
leaf_count=1372 58 110 2304 58
internal_value=-7.66478e-06 0.0175444 -0.0128638 0.00075004
internal_weight=865.281 365.828 499.453 26.3071
internal_count=3902 1482 2420 116
is_linear=0
shrinkage=0.01


Tree=23
num_leaves=5
num_cat=0
split_feature=0 4 2 4
split_gain=1918.02 142.593 86.3436 27.9409
threshold=-0.44175426685919622 -0.21050581445228186 -0.38314043576232176 -0.75281003196148555
decision_type=2 2 2 2
left_child=1 -1 3 -2
right_child=2 -3 -4 -5
leaf_value=0.019524041032831486 0.020114617647686392 -0.0081275975653329353 -0.013621345596327432 -0.0022556318658177154
leaf_weight=331.84388127923012 6.5890199691057196 19.759536311030388 468.0259216427803 36.583705857396126
leaf_count=1330 27 91 2293 161
internal_value=-7.87039e-06 0.0179701 -0.0123731 0.00115851
internal_weight=862.802 351.603 511.199 43.1727
internal_count=3902 1421 2481 188
is_linear=0
shrinkage=0.01


Tree=24
num_leaves=5
num_cat=0
split_feature=2 4 0 4
split_gain=1883.97 140.98 50.413 47.4337
threshold=-0.44784965117374276 -0.24994612118022397 -0.40721047890452117 -0.24008604449823845
decision_type=2 2 2 2
left_child=1 -1 3 -2
right_child=2 -3 -4 -5
leaf_value=0.018839687975610843 0.014669405760932236 -0.0059844785741090612 -0.013508207273625918 -0.012240947430402136
leaf_weight=341.74939994513988 12.652258947491648 24.518773689866066 467.71656441688538 13.581024184823034
leaf_count=1371 52 111 2304 64
internal_value=-8.06283e-06 0.0171779 -0.0127516 0.000737861
internal_weight=860.218 366.268 493.95 26.2333
internal_count=3902 1482 2420 116
is_linear=0
shrinkage=0.01


Tree=25
num_leaves=5
num_cat=0
split_feature=0 4 4 0
split_gain=1851.3 136.583 77.3163 43.6372
threshold=-0.44175426685919622 -0.21050581445228186 -0.73308987859751451 -0.338122902995171
decision_type=2 2 2 2
left_child=1 -1 -2 -4
right_child=2 -3 3 -5
leaf_value=0.019121818544376969 0.017680615607408138 -0.0080150726016330227 -0.0032095311936607106 -0.013691512297830119
leaf_weight=332.2043891698122 8.4782772064208967 19.643818467855453 43.526489645242691 453.72525569796562
leaf_count=1330 35 91 198 2248
internal_value=-8.25343e-06 0.0176068 -0.0122634 -0.012774
internal_weight=857.578 351.848 505.73 497.252
internal_count=3902 1421 2481 2446
is_linear=0
shrinkage=0.01


Tree=26
num_leaves=5
num_cat=0
split_feature=2 4 0 4
split_gain=1819.35 135.169 49.2206 45.9781
threshold=-0.44784965117374276 -0.28938642790816599 -0.40721047890452117 -0.24008604449823845
decision_type=2 2 2 2
left_child=1 -1 3 -2
right_child=2 -3 -4 -5
leaf_value=0.01855918496810333 0.014364921064187778 -0.0045561844754654695 -0.013399497943473049 -0.012154967602953816
leaf_weight=339.08720409870148 12.684062212705614 27.336893185973167 462.26123505830765 13.490535959601401
leaf_count=1359 52 123 2304 64
internal_value=-8.43382e-06 0.0168347 -0.0126441 0.00069642
internal_weight=854.86 366.424 488.436 26.1746
internal_count=3902 1482 2420 116
is_linear=0
shrinkage=0.01


Tree=27
num_leaves=5
num_cat=0
split_feature=0 4 2 4
split_gain=1787.83 131.073 82.6716 26.4067
threshold=-0.44175426685919622 -0.21050581445228186 -0.38314043576232176 -0.75281003196148555
decision_type=2 2 2 2
left_child=1 -1 3 -2
right_child=2 -3 -4 -5
leaf_value=0.018742699382084074 0.01946626158757294 -0.0079109254875534465 -0.013404923521901948 -0.0022494051783172432
leaf_weight=332.31579104065895 6.6153730750083914 19.53469130396843 457.14723163843155 36.474322974681854
leaf_count=1330 27 91 2293 161
internal_value=-8.60844e-06 0.0172629 -0.0121568 0.00108451
internal_weight=852.087 351.85 500.237 43.0897
internal_count=3902 1421 2481 188
is_linear=0
shrinkage=0.01


Tree=28
num_leaves=5
num_cat=0
split_feature=2 5 0 4
split_gain=1757.32 100.297 81.8111 66.8304
threshold=-0.48482634569455468 -0.068425305809513393 -0.338122902995171 -0.21050581445228186
decision_type=2 2 2 2
left_child=1 -1 3 -2
right_child=2 -3 -4 -5
leaf_value=0.018410587986253293 0.011165578038518182 -0.004658799159015751 -0.013506810155020695 -0.011261777956142202
leaf_weight=331.7353650033474 25.800630956888199 19.980963870882988 444.32247896492481 27.394012197852135
leaf_count=1329 109 90 2242 132
internal_value=-8.77246e-06 0.0171 -0.0121037 -0.000383992
internal_weight=849.233 351.716 497.517 53.1946
internal_count=3902 1419 2483 241
is_linear=0
shrinkage=0.01


Tree=29
num_leaves=5
num_cat=0
split_feature=2 4 1 4
split_gain=1727.24 127.544 48.397 44.2668
threshold=-0.44784965117374276 -0.24994612118022397 -0.23798223542642979 -0.21050581445228186
decision_type=2 2 2 2
left_child=1 -1 3 -2
right_child=2 -3 -4 -5
leaf_value=0.017919521530431606 0.0059955507972696857 -0.0057914679580303189 -0.013595033482492875 -0.012440136022112398
leaf_weight=341.96298471093178 25.58780200779438 24.298110723495483 427.95562605559826 26.526985317468643
leaf_count=1371 114 111 2175 131
internal_value=-8.93984e-06 0.0163465 -0.012487 -0.00338841
internal_weight=846.332 366.261 480.07 52.1148
internal_count=3902 1482 2420 245
is_linear=0
shrinkage=0.01


Tree=30
num_leaves=5
num_cat=0
split_feature=0 4 2 4
split_gain=1699 123.46 79.8124 29.2693
threshold=-0.44175426685919622 -0.21050581445228186 -0.3554079148717128 -0.75281003196148555
decision_type=2 2 2 2
left_child=1 -1 3 -2
right_child=2 -3 -4 -5
leaf_value=0.018215398604508031 0.019371150207759209 -0.0077580610031470669 -0.013331509769337824 -0.0029507240284965017
leaf_weight=332.06197112798691 6.8485247641801825 19.36799667775631 443.82699820399284 41.29157942533493
leaf_count=1330 28 91 2268 185
internal_value=-9.10265e-06 0.016784 -0.012005 0.000224838
internal_weight=843.397 351.43 491.967 48.1401
internal_count=3902 1421 2481 213
is_linear=0
shrinkage=0.01


Tree=31
num_leaves=5
num_cat=0
split_feature=0 4 4 2
split_gain=1670.83 181.689 43.0519 15.6021
threshold=-0.40721047890452117 -0.24994612118022397 -0.71336972523354347 -0.42011713028313374
decision_type=2 2 2 2
left_child=1 -1 -2 -4
right_child=2 -3 3 -5
leaf_value=0.017862718526146397 0.012679260973508903 -0.0074583519966182855 -0.0042308964407964346 -0.013363929334364736
leaf_weight=342.31011694669724 6.6348834633827201 30.895371645689011 19.533345431089401 440.99416540563107
leaf_count=1373 28 145 87 2269
internal_value=-9.24868e-06 0.0157665 -0.0126122 -0.0129766
internal_weight=840.368 373.205 467.162 460.528
internal_count=3902 1518 2384 2356
is_linear=0
shrinkage=0.01


Tree=32
num_leaves=5
num_cat=0
split_feature=0 4 4 0
split_gain=1642.74 178.055 42.455 14.8446
threshold=-0.40721047890452117 -0.24994612118022397 -0.71336972523354347 -0.338122902995171
decision_type=2 2 2 2
left_child=1 -1 -2 -4
right_child=2 -3 3 -5
leaf_value=0.01769486453374456 0.012526751777010108 -0.0074046766497262995 -0.005132116577369933 -0.013342196392952201
leaf_weight=342.10269485414028 6.6484355777502051 30.808571010828018 23.198583111166954 434.51817679405212
leaf_count=1373 28 145 110 2246
internal_value=-9.39719e-06 0.0156212 -0.0125617 -0.0129261
internal_weight=837.276 372.911 464.365 457.717
internal_count=3902 1518 2384 2356
is_linear=0
shrinkage=0.01


Tree=33
num_leaves=5
num_cat=0
split_feature=2 4 1 4
split_gain=1615.54 118.134 46.9314 42.1723
threshold=-0.44784965117374276 -0.28938642790816599 -0.23798223542642979 -0.21050581445228186
decision_type=2 2 2 2
left_child=1 -1 3 -2
right_child=2 -3 -4 -5
leaf_value=0.017367372520271922 0.0058453626908574153 -0.0043570568048256824 -0.013403318462834535 -0.012247132437449151
leaf_weight=338.19547672569752 25.519057437777519 27.031737387180328 417.37787617743015 26.019442558288574
leaf_count=1359 114 123 2175 131
internal_value=-9.53792e-06 0.0157595 -0.0122916 -0.00328871
internal_weight=834.144 365.227 468.916 51.5385
internal_count=3902 1482 2420 245
is_linear=0
shrinkage=0.01


Tree=34
num_leaves=5
num_cat=0
split_feature=0 5 1 1
split_gain=1589.87 162.869 39.1422 13.6303
threshold=-0.40721047890452117 -0.058619747644736091 -0.44597093933231136 -0.41694925971753721
decision_type=2 2 2 2
left_child=1 3 -2 -1
right_child=2 -3 -4 -5
leaf_value=0.017972761364965863 0.0073351784823536235 -0.007195016380191847 -0.012897132305969316 0.011460098714709559
leaf_weight=306.74594041705132 9.7701512873172742 29.504949733614922 449.08177065849304 35.896336480975151
leaf_count=1233 44 139 2340 146
internal_value=-9.6783e-06 0.0153492 -0.0124663 0.0172905
internal_weight=830.999 372.147 458.852 342.642
internal_count=3902 1518 2384 1379
is_linear=0
shrinkage=0.01


Tree=35
num_leaves=5
num_cat=0
split_feature=0 4 4 2
split_gain=1563.51 168.435 41.2975 15.3964
threshold=-0.40721047890452117 -0.24994612118022397 -0.71336972523354347 -0.42011713028313374
decision_type=2 2 2 2
left_child=1 -1 -2 -4
right_child=2 -3 3 -5
leaf_value=0.017228609507056746 0.012307260001534134 -0.0072733169596941602 -0.0040679402263364209 -0.013176036903375366
leaf_weight=341.14277355372906 6.6573427617549887 30.570671901106834 19.396551877260208 430.03893032670021
leaf_count=1373 28 145 87 2269
internal_value=-9.80149e-06 0.0152135 -0.0124167 -0.012783
internal_weight=827.806 371.713 456.093 449.435
internal_count=3902 1518 2384 2356
is_linear=0
shrinkage=0.01


Tree=36
num_leaves=5
num_cat=0
split_feature=2 5 1 0
split_gain=1538.25 109.167 45.8884 23.8788
threshold=-0.44784965117374276 -0.068425305809513393 -0.23798223542642979 -0.338122902995171
decision_type=2 2 2 2
left_child=1 3 -2 -1
right_child=2 -3 -4 -5
leaf_value=0.017172519281679316 -0.0032195039730174937 -0.0053044426539084547 -0.013267515901648288 -0.0023990934246820631
leaf_weight=333.70651198923588 51.126429691910744 23.897636622190475 409.43327204883099 6.3525580167770377
leaf_count=1345 245 110 2175 27
internal_value=-9.9291e-06 0.0153551 -0.0121521 0.0168069
internal_weight=824.516 363.957 460.56 340.059
internal_count=3902 1482 2420 1372
is_linear=0
shrinkage=0.01


Tree=37
num_leaves=5
num_cat=0
split_feature=2 4 1 4
split_gain=1512.86 109.59 45.6593 40.7948
threshold=-0.44784965117374276 -0.28938642790816599 -0.23798223542642979 -0.21050581445228186
decision_type=2 2 2 2
left_child=1 -1 3 -2
right_child=2 -3 -4 -5
leaf_value=0.016773030551393654 0.0057753561522434008 -0.0042209168075343761 -0.013222545607681546 -0.012100094330846554
leaf_weight=336.61481574177742 25.452783390879631 26.847816839814186 406.73107045888901 25.61596092581749
leaf_count=1359 114 123 2175 131
internal_value=-1.00438e-05 0.0152223 -0.0121035 -0.00319093
internal_weight=821.262 363.463 457.8 51.0687
internal_count=3902 1482 2420 245
is_linear=0
shrinkage=0.01


Tree=38
num_leaves=5
num_cat=0
split_feature=0 5 1 1
split_gain=1490.31 151.673 37.9358 13.2332
threshold=-0.40721047890452117 -0.058619747644736091 -0.44597093933231136 -0.41694925971753721
decision_type=2 2 2 2
left_child=1 3 -2 -1
right_child=2 -3 -4 -5
leaf_value=0.017386906254851335 0.0072222673652152375 -0.0070298835485337764 -0.012715700091966669 0.010961714695284843
leaf_weight=305.07890014350414 9.7555680572986585 29.214219227433205 438.07316634058952 35.818101778626442
leaf_count=1233 44 139 2340 146
internal_value=-1.01672e-05 0.0148378 -0.0122814 0.0167118
internal_weight=817.94 370.111 447.829 340.897
internal_count=3902 1518 2384 1379
is_linear=0
shrinkage=0.01


Tree=39
num_leaves=5
num_cat=0
split_feature=0 4 4 1
split_gain=1466.12 157.243 37.9585 19.3872
threshold=-0.40721047890452117 -0.24994612118022397 -0.62462903509567369 -0.41694925971753721
decision_type=2 2 2 2
left_child=1 -1 3 -2
right_child=2 -3 -4 -5
leaf_value=0.016662787126494442 0.020978650357803566 -0.0071197162670313674 -0.012712255523568739 -0.0052533515029545806
leaf_weight=339.22074016928673 4.8082044124603271 30.282565236091614 433.45958714187145 6.8047594279050809
leaf_count=1373 20 145 2333 31
internal_value=-1.02722e-05 0.0147137 -0.0122342 0.00560769
internal_weight=814.576 369.503 445.073 11.613
internal_count=3902 1518 2384 51
is_linear=0
shrinkage=0.01


Tree=40
num_leaves=5
num_cat=0
split_feature=2 4 0 4
split_gain=1442.52 103.394 43.7963 49.5357
threshold=-0.44784965117374276 -0.28938642790816599 -0.36279703724851037 -0.21050581445228186
decision_type=2 2 2 2
left_child=1 -1 3 -2
right_child=2 -3 -4 -5
leaf_value=0.016365758649728238 0.011285197055708313 -0.0040906049560051607 -0.012896816051964164 -0.012174249649515211
leaf_weight=334.97254738211632 16.600121632218361 26.675700858235359 413.2297238111496 19.66168124973774
leaf_count=1359 70 123 2250 100
internal_value=-1.03782e-05 0.0148569 -0.0119721 -0.00143486
internal_weight=811.14 361.648 449.492 36.2618
internal_count=3902 1482 2420 170
is_linear=0
shrinkage=0.01


Tree=41
num_leaves=5
num_cat=0
split_feature=2 5 1 4
split_gain=1419.35 78.6263 68.0642 50.2387
threshold=-0.48482634569455468 -0.068425305809513393 -0.23798223542642979 -0.21050581445228186
decision_type=2 2 2 2
left_child=1 -1 3 -2
right_child=2 -3 -4 -5
leaf_value=0.01644582491148457 0.0065108730464501956 -0.0042129263258559877 -0.01301994573610004 -0.011509757081716259
leaf_weight=327.00576800107956 33.628519535064697 19.522863984107971 398.87212605774403 28.650554999709129
leaf_count=1329 148 90 2187 148
internal_value=-1.04895e-05 0.0152819 -0.0115019 -0.00177925
internal_weight=807.68 346.529 461.151 62.2791
internal_count=3902 1419 2483 296
is_linear=0
shrinkage=0.01


Tree=42
num_leaves=5
num_cat=0
split_feature=0 4 4 1
split_gain=1398.63 149.073 36.7926 18.7077
threshold=-0.40721047890452117 -0.21050581445228186 -0.62462903509567369 -0.41694925971753721
decision_type=2 2 2 2
left_child=1 -1 3 -2
right_child=2 -3 -4 -5
leaf_value=0.016186197400468786 0.020541671481794949 -0.0079568067748864522 -0.01258465724178315 -0.0052346144439878485
leaf_weight=339.74424380064011 4.8152832984924316 27.656888499855995 425.20427131652832 6.7803794443607313
leaf_count=1383 20 135 2333 31
internal_value=-1.05967e-05 0.0143688 -0.0121054 0.0054694
internal_weight=804.201 367.401 436.8 11.5957
internal_count=3902 1518 2384 51
is_linear=0
shrinkage=0.01


Tree=43
num_leaves=5
num_cat=0
split_feature=2 4 1 4
split_gain=1375.58 97.9478 43.888 37.9184
threshold=-0.44784965117374276 -0.28938642790816599 -0.23798223542642979 -0.21050581445228186
decision_type=2 2 2 2
left_child=1 -1 3 -2
right_child=2 -3 -4 -5
leaf_value=0.015980515056219616 0.0055616676000674525 -0.0039864663293576628 -0.012974569968312566 -0.011824479849478594
leaf_weight=333.02551883459091 25.353238523006439 26.524796098470688 390.93058671057224 24.829117670655251
leaf_count=1359 114 123 2175 131
internal_value=-1.0694e-05 0.0145075 -0.0118445 -0.00304061
internal_weight=800.663 359.55 441.113 50.1824
internal_count=3902 1482 2420 245
is_linear=0
shrinkage=0.01


Tree=44
num_leaves=5
num_cat=0
split_feature=2 4 1 4
split_gain=1353.66 96.237 43.6176 37.3438
threshold=-0.44784965117374276 -0.28938642790816599 -0.23798223542642979 -0.21050581445228186
decision_type=2 2 2 2
left_child=1 -1 3 -2
right_child=2 -3 -4 -5
leaf_value=0.015854051062017559 0.0054992200699743813 -0.0039521619326332354 -0.012934235320691044 -0.011774823614064995
leaf_weight=332.32864157855511 25.384571373462677 26.48766727745533 388.24166534841061 24.685209572315216
leaf_count=1359 114 123 2175 131
internal_value=-1.07963e-05 0.014392 -0.0118014 -0.00301716
internal_weight=797.128 358.816 438.311 50.0698
internal_count=3902 1482 2420 245
is_linear=0
shrinkage=0.01


Tree=45
num_leaves=5
num_cat=0
split_feature=0 4 1 4
split_gain=1335.84 141.42 35.8827 14.8769
threshold=-0.40721047890452117 -0.24994612118022397 -0.44597093933231136 -0.41756742477397785
decision_type=2 2 2 2
left_child=1 -1 3 -2
right_child=2 -3 -4 -5
leaf_value=0.015903062916576009 0.017940480150169958 -0.0068461825942603936 -0.012423706250157518 -0.0070621794567139245
leaf_weight=335.22651451826096 5.4639576524496078 29.751135960221291 418.90427833795547 4.2161075919866544
leaf_count=1373 23 145 2340 21
internal_value=-1.08951e-05 0.0140487 -0.0119839 0.00705069
internal_weight=793.562 364.978 428.584 9.68007
internal_count=3902 1518 2384 44
is_linear=0
shrinkage=0.01


Tree=46
num_leaves=5
num_cat=0
split_feature=2 4 1 4
split_gain=1312.42 72.4891 65.2467 46.4746
threshold=-0.48482634569455468 -0.3682670413640502 -0.23798223542642979 -0.21050581445228186
decision_type=2 2 2 2
left_child=1 -1 3 -2
right_child=2 -3 -4 -5
leaf_value=0.016069658726785799 0.0061856797247459763 -0.00085558274822784624 -0.012821994788303637 -0.011270793905595272
leaf_weight=315.2614897787571 33.618429437279701 27.513166040182114 385.63485835492611 27.914816722273827
leaf_count=1295 148 124 2187 148
internal_value=-1.09789e-05 0.0147111 -0.0112961 -0.00173352
internal_weight=789.943 342.775 447.168 61.5332
internal_count=3902 1419 2483 296
is_linear=0
shrinkage=0.01


Tree=47
num_leaves=5
num_cat=0
split_feature=0 4 2 4
split_gain=1295.5 91.5725 67.5697 24.0408
threshold=-0.44175426685919622 -0.21050581445228186 -0.3554079148717128 -0.75281003196148555
decision_type=2 2 2 2
left_child=1 -1 3 -2
right_child=2 -3 -4 -5
leaf_value=0.015878118634570636 0.017429851734280168 -0.0069988020034219972 -0.012597466764322853 -0.0028686572412013394
leaf_weight=322.9844167381525 6.8248846232891074 18.49944643676281 397.79440852999687 40.216894075274467
leaf_count=1330 28 91 2268 185
internal_value=-1.10676e-05 0.0146388 -0.0112572 7.62778e-05
internal_weight=786.32 341.484 444.836 47.0418
internal_count=3902 1421 2481 213
is_linear=0
shrinkage=0.01


Tree=48
num_leaves=5
num_cat=0
split_feature=2 4 1 4
split_gain=1272.37 90.2088 42.5149 35.4819
threshold=-0.44784965117374276 -0.3682670413640502 -0.23798223542642979 -0.21050581445228186
decision_type=2 2 2 2
left_child=1 -1 3 -2
right_child=2 -3 -4 -5
leaf_value=0.015551520808719363 0.0053381680737047202 -0.0020659725261385513 -0.012782489202363261 -0.011599109359089348
leaf_weight=323.46991835534573 25.34738464653492 31.933648869395256 377.72947137057781 24.155563354492188
leaf_count=1336 114 146 2175 131
internal_value=-1.11446e-05 0.0139686 -0.0116405 -0.00292658
internal_weight=782.636 355.404 427.232 49.5029
internal_count=3902 1482 2420 245
is_linear=0
shrinkage=0.01


Tree=49
num_leaves=5
num_cat=0
split_feature=0 4 1 4
split_gain=1257.2 132.465 34.713 13.9794
threshold=-0.40721047890452117 -0.21050581445228186 -0.44597093933231136 -0.41756742477397785
decision_type=2 2 2 2
left_child=1 -1 3 -2
right_child=2 -3 -4 -5
leaf_value=0.015370950204874558 0.017446162569479763 -0.007634059190623598 -0.012269402781900293 -0.0068770639579002158
leaf_weight=334.24026596546173 5.4701205790042877 27.055834144353867 408.05724476277828 4.1597712486982328
leaf_count=1383 23 135 2340 21
internal_value=-1.12306e-05 0.0136482 -0.0118265 0.00693939
internal_weight=778.983 361.296 417.687 9.62989
internal_count=3902 1518 2384 44
is_linear=0
shrinkage=0.01


Tree=50
num_leaves=5
num_cat=0
split_feature=2 4 1 4
split_gain=1234.25 87.3256 41.9483 34.5322
threshold=-0.44784965117374276 -0.3682670413640502 -0.23798223542642979 -0.21050581445228186
decision_type=2 2 2 2
left_child=1 -1 3 -2
right_child=2 -3 -4 -5
leaf_value=0.015332925485699991 0.0052470756733517037 -0.0020300057108947316 -0.012710157093835309 -0.011512405909896642
leaf_weight=321.70424208045006 25.33019158244133 31.832712918519974 372.51305598020554 23.88912333548069
leaf_count=1336 114 146 2175 131
internal_value=-1.13054e-05 0.0137696 -0.0115638 -0.00288732
internal_weight=775.269 353.537 421.732 49.2193
internal_count=3902 1482 2420 245
is_linear=0
shrinkage=0.01


Tree=51
num_leaves=5
num_cat=0
split_feature=0 4 1 4
split_gain=1219.96 128.284 34.0315 13.4877
threshold=-0.40721047890452117 -0.24994612118022397 -0.44597093933231136 -0.41756742477397785
decision_type=2 2 2 2
left_child=1 -1 3 -2
right_child=2 -3 -4 -5
leaf_value=0.015237070081696407 0.017137662744062906 -0.0066082536648476454 -0.012194212804744758 -0.0067898370321723793
leaf_weight=330.04164507985115 5.4772623777389526 29.26529498398304 402.65497720241547 4.133839473128317
leaf_count=1373 23 145 2340 21
internal_value=-1.1387e-05 0.0134578 -0.0117503 0.00684618
internal_weight=771.573 359.307 412.266 9.6111
internal_count=3902 1518 2384 44
is_linear=0
shrinkage=0.01


Tree=52
num_leaves=5
num_cat=0
split_feature=0 4 2 3
split_gain=1201.3 126.105 33.6186 12.8214
threshold=-0.40721047890452117 -0.24994612118022397 -0.42011713028313374 -0.42273868038824697
decision_type=2 2 2 2
left_child=1 -1 3 -2
right_child=2 -3 -4 -5
leaf_value=0.015128809173928595 0.0092361758255991716 -0.0065606430913662667 -0.012413345938203446 -0.0059820136372204635
leaf_weight=329.0841608941555 9.0903789103031176 29.183307826519012 386.29730933904648 14.159593775868414
leaf_count=1373 39 145 2279 66
internal_value=-1.14539e-05 0.0133621 -0.0117105 -3.19375e-05
internal_weight=767.815 358.267 409.547 23.25
internal_count=3902 1518 2384 105
is_linear=0
shrinkage=0.01


Tree=53
num_leaves=5
num_cat=0
split_feature=0 4 2 4
split_gain=1183.24 83.1012 64.016 22.5239
threshold=-0.44175426685919622 -0.21050581445228186 -0.3554079148717128 -0.75281003196148555
decision_type=2 2 2 2
left_child=1 -1 3 -2
right_child=2 -3 -4 -5
leaf_value=0.015237523925087362 0.016889184637079419 -0.0067376951314571058 -0.012378484669114485 -0.0028304050504587993
leaf_weight=317.48012389242649 6.7788368016481391 18.194618761539459 381.76470956206322 39.798808023333549
leaf_count=1330 28 91 2268 185
internal_value=-1.15248e-05 0.0140464 -0.0110282 3.95529e-05
internal_weight=764.017 335.675 428.342 46.5776
internal_count=3902 1421 2481 213
is_linear=0
shrinkage=0.01


Tree=54
num_leaves=5
num_cat=0
split_feature=1 4 2 4
split_gain=1164.58 102.196 47.7789 17.5899
threshold=-0.36857979369291355 -0.16120543104235427 -0.36465208850191577 -0.3189666579541226
decision_type=2 2 2 2
left_child=1 -1 3 -2
right_child=2 -3 -4 -5
leaf_value=0.014861486486476462 0.0038510654977564631 -0.0085638713443013451 -0.012487460834772077 -0.0091728045619189104
leaf_weight=326.40820406377316 25.858352035284042 19.750398516654968 370.88002970814705 17.313322156667709
leaf_count=1377 113 103 2223 86
internal_value=-1.15864e-05 0.0135249 -0.0113285 -0.00137195
internal_weight=760.21 346.159 414.052 43.1717
internal_count=3902 1480 2422 199
is_linear=0
shrinkage=0.01


Tree=55
num_leaves=5
num_cat=0
split_feature=0 5 1 0
split_gain=1148.99 115.85 32.9414 12.8277
threshold=-0.40721047890452117 -0.058619747644736091 -0.44597093933231136 -0.338122902995171
decision_type=2 2 2 2
left_child=1 -1 -2 -4
right_child=2 -3 3 -5
leaf_value=0.014764413286463156 0.0067405556466002114 -0.0064503696861748375 -0.0042346453279557481 -0.012466843232648751
leaf_weight=327.05222265422344 9.5592527538537961 27.939645886421204 19.943462729454041 371.9721328318119
leaf_count=1379 44 139 103 2237
internal_value=-1.16647e-05 0.0130947 -0.0116006 -0.0120479
internal_weight=756.467 354.992 401.475 391.916
internal_count=3902 1518 2384 2340
is_linear=0
shrinkage=0.01


Tree=56
num_leaves=5
num_cat=0
split_feature=0 4 1 0
split_gain=1131.62 118.693 32.5825 12.7999
threshold=-0.40721047890452117 -0.24994612118022397 -0.44597093933231136 -0.338122902995171
decision_type=2 2 2 2
left_child=1 -1 -2 -4
right_child=2 -3 3 -5
leaf_value=0.0147312417143562 0.0066634412944613121 -0.0064211072041324268 -0.0041999500160649602 -0.012431803148618676
leaf_weight=324.99519556760788 9.5731106847524625 28.886145234107971 19.907314211130142 369.30373500287533
leaf_count=1373 44 145 103 2237
internal_value=-1.17309e-05 0.0130046 -0.0115625 -0.0120108
internal_weight=752.666 353.881 398.784 389.211
internal_count=3902 1518 2384 2340
is_linear=0
shrinkage=0.01


Tree=57
num_leaves=5
num_cat=0
split_feature=0 4 2 3
split_gain=1114.69 78.2175 61.9802 21.9653
threshold=-0.44175426685919622 -0.19078566108831083 -0.3554079148717128 -0.43235276137298201
decision_type=2 2 2 2
left_child=1 -1 3 -2
right_child=2 -3 -4 -5
leaf_value=0.014811497357484216 0.010034101662802284 -0.007251053920677558 -0.012241745481585299 -0.0047125285061705869
leaf_weight=314.39484046399593 14.885704591870306 16.93469463288784 371.18741679191589 31.422203063964844
leaf_count=1335 64 86 2268 149
internal_value=-1.17935e-05 0.0136839 -0.0108808 2.77846e-05
internal_weight=748.825 331.33 417.495 46.3079
internal_count=3902 1421 2481 213
is_linear=0
shrinkage=0.01


Tree=58
num_leaves=5
num_cat=0
split_feature=0 4 2 3
split_gain=1098.43 115.105 32.5004 11.9413
threshold=-0.40721047890452117 -0.24994612118022397 -0.42011713028313374 -0.42273868038824697
decision_type=2 2 2 2
left_child=1 -1 3 -2
right_child=2 -3 -4 -5
leaf_value=0.014541620470396787 0.0089505448103821966 -0.0063461031020429562 -0.012207134242617068 -0.0057699663888898358
leaf_weight=322.79799418151379 9.083720266819002 28.730276927351952 370.35528455674648 14.009931758046148
leaf_count=1373 39 145 2279 66
internal_value=-1.18509e-05 0.0128345 -0.0114894 2.02398e-05
internal_weight=744.977 351.528 393.449 23.0937
internal_count=3902 1518 2384 105
is_linear=0
shrinkage=0.01


Tree=59
num_leaves=5
num_cat=0
split_feature=1 4 0 4
split_gain=1083.47 95.1838 49.1676 26.0468
threshold=-0.36857979369291355 -0.16120543104235427 -0.338122902995171 -0.21050581445228186
decision_type=2 2 2 2
left_child=1 -1 3 -2
right_child=2 -3 -4 -5
leaf_value=0.014401558315032035 0.0053201995184547898 -0.0083843365209956312 -0.01241999807739824 -0.009864012000422074
leaf_weight=321.12095184624195 25.49430076777935 19.44288195669651 354.74868845939636 20.286770388484001
leaf_count=1377 111 103 2201 110
internal_value=-1.19091e-05 0.0131007 -0.0111613 -0.00140832
internal_weight=741.094 340.564 400.53 45.7811
internal_count=3902 1480 2422 221
is_linear=0
shrinkage=0.01


Tree=60
num_leaves=5
num_cat=0
split_feature=4 0 0 4
split_gain=1067.33 103.348 41.0544 23.2263
threshold=-0.37812711804603577 -0.36279703724851037 -0.338122902995171 -0.14148527767838323
decision_type=2 2 2 2
left_child=1 -1 3 -2
right_child=2 -3 -4 -5
leaf_value=0.014612789682404582 0.0034660840542960585 -0.0058596947374381933 -0.012464249637692373 -0.0092403602546122093
leaf_weight=313.0517633408308 26.814584299921989 26.766548752784729 339.58743637800217 31.036443531513214
leaf_count=1343 121 142 2130 166
internal_value=-1.19811e-05 0.0130002 -0.0111377 -0.00335078
internal_weight=737.257 339.818 397.438 57.851
internal_count=3902 1485 2417 287
is_linear=0
shrinkage=0.01


Tree=61
num_leaves=5
num_cat=0
split_feature=1 4 2 4
split_gain=1052.58 92.0131 44.5059 16.0267
threshold=-0.36857979369291355 -0.16120543104235427 -0.36465208850191577 -0.3189666579541226
decision_type=2 2 2 2
left_child=1 -1 3 -2
right_child=2 -3 -4 -5
leaf_value=0.014219857782450954 0.0035762694633221094 -0.008279525474273337 -0.012260527402576844 -0.0089637984514681461
leaf_weight=318.93647857010365 25.538965031504631 19.274906128644943 352.65893532335758 16.959591776132584
leaf_count=1377 113 103 2223 86
internal_value=-1.20381e-05 0.0129376 -0.0110955 -0.001428
internal_weight=733.369 338.211 395.157 42.4986
internal_count=3902 1480 2422 199
is_linear=0
shrinkage=0.01


Tree=62
num_leaves=5
num_cat=0
split_feature=4 0 0 4
split_gain=1036.39 100.757 40.6398 22.4475
threshold=-0.37812711804603577 -0.36279703724851037 -0.338122902995171 -0.14148527767838323
decision_type=2 2 2 2
left_child=1 -1 3 -2
right_child=2 -3 -4 -5
leaf_value=0.014436864513107234 0.0033825746165986425 -0.0058229168226978959 -0.012403695199873086 -0.0091378128149905095
leaf_weight=310.77058799564838 26.804462850093842 26.652778267860413 334.57154473662376 30.743692263960838
leaf_count=1343 121 142 2130 166
internal_value=-1.21028e-05 0.0128366 -0.0110685 -0.00330614
internal_weight=729.543 337.423 392.12 57.5482
internal_count=3902 1485 2417 287
is_linear=0
shrinkage=0.01


Tree=63
num_leaves=5
num_cat=0
split_feature=0 4 2 3
split_gain=1021.33 106.731 31.4882 11.4837
threshold=-0.40721047890452117 -0.24994612118022397 -0.42011713028313374 -0.42273868038824697
decision_type=2 2 2 2
left_child=1 -1 3 -2
right_child=2 -3 -4 -5
leaf_value=0.014097872760046653 0.0088051552433257938 -0.0061588877468094008 -0.012048289275077322 -0.0056699283069060876
leaf_weight=317.05087831616402 9.0457474142313021 28.335315734148026 357.29956363141537 13.906820476055143
leaf_count=1373 39 145 2279 66
internal_value=-1.21563e-05 0.012436 -0.0113189 3.47907e-05
internal_weight=725.638 345.386 380.252 22.9526
internal_count=3902 1518 2384 105
is_linear=0
shrinkage=0.01


Tree=64
num_leaves=5
num_cat=0
split_feature=1 5 0 5
split_gain=1008.93 72.1222 46.9487 18.1553
threshold=-0.36857979369291355 -0.20570312011639572 -0.338122902995171 -0.048814189479958782
decision_type=2 2 2 2
left_child=1 -1 3 -2
right_child=2 -3 -4 -5
leaf_value=0.014232857412772582 0.0042171394385023472 -0.0014374504850702611 -0.01226782882826727 -0.0085420430535242571
leaf_weight=301.97136582434177 25.219652757048607 32.535132125020027 341.9945063740015 19.993056356906891
leaf_count=1321 113 159 2201 108
internal_value=-1.22058e-05 0.0127087 -0.0110017 -0.00142497
internal_weight=721.714 334.506 387.207 45.2127
internal_count=3902 1480 2422 221
is_linear=0
shrinkage=0.01


Tree=65
num_leaves=5
num_cat=0
split_feature=1 4 2 4
split_gain=993.896 87.1262 42.9782 15.9501
threshold=-0.36857979369291355 -0.16120543104235427 -0.36465208850191577 -0.56546857500376058
decision_type=2 2 2 2
left_child=1 3 -2 -1
right_child=2 -3 -4 -5
leaf_value=0.014754292159657671 -0.0014367475045712695 -0.0081428047644813064 -0.012139834082624324 0.0080555856808709921
leaf_weight=273.45867802202702 42.133451357483864 19.046409010887146 342.42506548762321 40.855959311127663
leaf_count=1199 199 103 2223 178
internal_value=-1.22603e-05 0.0126251 -0.0109672 0.0138836
internal_weight=717.92 333.361 384.559 314.315
internal_count=3902 1480 2422 1377
is_linear=0
shrinkage=0.01


Tree=66
num_leaves=5
num_cat=0
split_feature=1 4 0 4
split_gain=979.223 85.7167 46.6831 23.6446
threshold=-0.36857979369291355 -0.16120543104235427 -0.338122902995171 -0.21050581445228186
decision_type=2 2 2 2
left_child=1 -1 3 -2
right_child=2 -3 -4 -5
leaf_value=0.013797372004729127 0.0050164060219210927 -0.0080943545275596919 -0.012209351222328526 -0.0095897312548438619
leaf_weight=313.12169149518013 25.348884031176567 18.969198480248451 336.93871687352657 19.693612039089203
leaf_count=1377 111 103 2201 110
internal_value=-1.23044e-05 0.0125469 -0.0109312 -0.00136973
internal_weight=714.072 332.091 381.981 45.0425
internal_count=3902 1480 2422 221
is_linear=0
shrinkage=0.01


Tree=67
num_leaves=5
num_cat=0
split_feature=4 1 2 3
split_gain=965.572 84.8555 38.6097 18.8675
threshold=-0.37812711804603577 -0.2911886480535158 -0.3554079148717128 -0.35544011349510124
decision_type=2 2 2 2
left_child=1 3 -2 -1
right_child=2 -3 -4 -5
leaf_value=0.014521533935478359 -0.0020819741195513618 -0.0062304202834387729 -0.012060557455438275 0.0048808413819840975
leaf_weight=286.54585893452168 43.845585450530052 22.613160997629166 335.33514656126499 21.847887992858887
leaf_count=1266 212 123 2205 96
internal_value=-1.2366e-05 0.0124675 -0.0109067 0.0138385
internal_weight=710.188 331.007 379.181 308.394
internal_count=3902 1485 2417 1362
is_linear=0
shrinkage=0.01


Tree=68
num_leaves=5
num_cat=0
split_feature=0 4 4 0
split_gain=951.909 99.7593 32.3429 15.1113
threshold=-0.40721047890452117 -0.24994612118022397 -0.73308987859751451 -0.338122902995171
decision_type=2 2 2 2
left_child=1 -1 -2 -4
right_child=2 -3 3 -5
leaf_value=0.013702197997160151 0.012424280851493347 -0.0060040227388831894 -0.0033303237330004056 -0.01204493731715528
leaf_weight=310.93646886944771 5.7229845076799384 28.002473592758179 21.132603049278259 340.5471148788929
leaf_count=1373 24 145 112 2248
internal_value=-1.23984e-05 0.0120741 -0.0111625 -0.0115358
internal_weight=706.342 338.939 367.403 361.68
internal_count=3902 1518 2384 2360
is_linear=0
shrinkage=0.01


Tree=69
num_leaves=5
num_cat=0
split_feature=1 5 0 5
split_gain=938.622 67.7135 45.5756 17.1412
threshold=-0.36857979369291355 -0.20570312011639572 -0.338122902995171 -0.048814189479958782
decision_type=2 2 2 2
left_child=1 -1 3 -2
right_child=2 -3 -4 -5
leaf_value=0.013829795934929423 0.0041093639857623125 -0.0014337392563576409 -0.012124546093701378 -0.0083636987110076652
leaf_weight=295.97270449995995 25.091748461127281 32.229604959487915 329.46337684988976 19.643159285187721
leaf_count=1321 113 159 2201 108
internal_value=-1.24416e-05 0.0123309 -0.0108386 -0.00136757
internal_weight=702.401 328.202 374.198 44.7349
internal_count=3902 1480 2422 221
is_linear=0
shrinkage=0.01


Tree=70
num_leaves=5
num_cat=0
split_feature=0 5 1 4
split_gain=925.648 65.6965 55.4078 25.9823
threshold=-0.44175426685919622 -0.068425305809513393 -0.23798223542642979 -0.14148527767838323
decision_type=2 2 2 2
left_child=1 -1 3 -2
right_child=2 -3 -4 -5
leaf_value=0.013843430101238207 0.0038896272058140885 -0.0051705279750531965 -0.012019568884931931 -0.010390362636827841
leaf_weight=296.01655578613281 35.65506649017334 19.36025358736515 327.73094819486141 19.826710388064384
leaf_count=1323 164 98 2200 117
internal_value=-1.24891e-05 0.0126762 -0.010455 -0.0012134
internal_weight=698.59 315.377 383.213 55.4818
internal_count=3902 1421 2481 281
is_linear=0
shrinkage=0.01


Tree=71
num_leaves=5
num_cat=0
split_feature=4 0 0 4
split_gain=912.824 88.9807 38.6974 20.2874
threshold=-0.37812711804603577 -0.36279703724851037 -0.338122902995171 -0.14148527767838323
decision_type=2 2 2 2
left_child=1 -1 3 -2
right_child=2 -3 -4 -5
leaf_value=0.013729138584965883 0.0031926676785740057 -0.0055843128937521401 -0.012154753250987234 -0.0088226721536067698
leaf_weight=299.68349818885326 26.600802227854729 25.917891070246696 312.67344470322132 29.789727985858917
leaf_count=1343 121 142 2130 166
internal_value=-1.25289e-05 0.0121918 -0.0107796 -0.00315474
internal_weight=694.665 325.601 369.064 56.3905
internal_count=3902 1485 2417 287
is_linear=0
shrinkage=0.01


Tree=72
num_leaves=5
num_cat=0
split_feature=2 0 4 4
split_gain=899.718 57.2035 50.9166 36.756
threshold=-0.48482634569455468 -0.338122902995171 -0.3682670413640502 -0.21050581445228186
decision_type=2 2 2 2
left_child=2 3 -1 -2
right_child=1 -3 -4 -5
leaf_value=0.013722233149604159 0.0082282287476242652 -0.011903650640048622 -0.00076765228582229873 -0.0093707126967209949
leaf_weight=287.23108188807964 24.861562952399254 329.44514189660549 26.487311184406281 22.705678269267082
leaf_count=1295 109 2242 124 132
internal_value=-1.25705e-05 -0.0104235 0.0124988 -0.000172425
internal_weight=690.731 377.012 313.718 47.5672
internal_count=3902 2483 1419 241
is_linear=0
shrinkage=0.01


Tree=73
num_leaves=5
num_cat=0
split_feature=1 4 0 4
split_gain=888.372 77.9955 43.8378 21.2825
threshold=-0.36857979369291355 -0.16120543104235427 -0.338122902995171 -0.21050581445228186
decision_type=2 2 2 2
left_child=1 -1 3 -2
right_child=2 -3 -4 -5
leaf_value=0.013275520622699367 0.0046438181623955598 -0.0078481252311661861 -0.01201720658834101 -0.009345262216134527
leaf_weight=304.32251636683941 25.156002342700958 18.544772788882256 319.62054432928562 19.157556086778641
leaf_count=1377 111 103 2201 110
internal_value=-1.26098e-05 0.0120622 -0.0107249 -0.00140392
internal_weight=686.801 322.867 363.934 44.3136
internal_count=3902 1480 2422 221
is_linear=0
shrinkage=0.01


Tree=74
num_leaves=5
num_cat=0
split_feature=4 0 0 4
split_gain=875.292 85.0573 38.0743 19.3365
threshold=-0.37812711804603577 -0.36279703724851037 -0.338122902995171 -0.14148527767838323
decision_type=2 2 2 2
left_child=1 -1 3 -2
right_child=2 -3 -4 -5
leaf_value=0.013508511243668362 0.003071628595994936 -0.0054743342864278163 -0.012077555333455262 -0.0086953698326682569
leaf_weight=295.76893432438374 26.59121398627758 25.651309505105019 305.48865276575089 29.411456644535065
leaf_count=1343 121 142 2130 166
internal_value=-1.26622e-05 0.0119936 -0.010688 -0.00310816
internal_weight=682.912 321.42 361.491 56.0027
internal_count=3902 1485 2417 287
is_linear=0
shrinkage=0.01


Tree=75
num_leaves=5
num_cat=0
split_feature=1 4 0 4
split_gain=864.137 75.542 43.0203 20.5259
threshold=-0.36857979369291355 -0.16120543104235427 -0.338122902995171 -0.21050581445228186
decision_type=2 2 2 2
left_child=1 -1 3 -2
right_child=2 -3 -4 -5
leaf_value=0.013130158909073927 0.0045102353454201096 -0.0077493346842183418 -0.01196461657353835 -0.0092664709205371818
leaf_weight=301.75504565238953 25.124704614281654 18.383678361773491 314.73000447452068 18.987629145383835
leaf_count=1377 111 103 2201 110
internal_value=-1.27005e-05 0.0119312 -0.0106683 -0.00141978
internal_weight=678.981 320.139 358.842 44.1123
internal_count=3902 1480 2422 221
is_linear=0
shrinkage=0.01


Tree=76
num_leaves=5
num_cat=0
split_feature=1 5 0 5
split_gain=851.727 62.4574 42.77 15.1953
threshold=-0.36857979369291355 -0.20570312011639572 -0.338122902995171 -0.048814189479958782
decision_type=2 2 2 2
left_child=1 -1 3 -2
right_child=2 -3 -4 -5
leaf_value=0.013333684814301146 0.0037440739993726073 -0.0014472985047551342 -0.011938329108350852 -0.0081087204378084143
leaf_weight=287.05232194066048 24.879109114408493 31.749512150883675 312.28106805682182 19.134623825550079
leaf_count=1321 113 159 2201 108
internal_value=-1.27509e-05 0.0118616 -0.0106376 -0.00140884
internal_weight=675.097 318.802 356.295 44.0137
internal_count=3902 1480 2422 221
is_linear=0
shrinkage=0.01


Tree=77
num_leaves=5
num_cat=0
split_feature=2 4 1 1
split_gain=840.03 75.236 30.9705 15.4091
threshold=-0.38314043576232176 -0.30910658127213708 -0.23798223542642979 -0.2911886480535158
decision_type=2 2 2 2
left_child=1 2 -1 -2
right_child=3 -3 -4 -5
leaf_value=0.013152850452011589 -0.0038597073324593396 -0.0033710870466908249 -0.0079568338275530833 -0.011876399354111397
leaf_weight=297.73969931900501 26.000177145004272 32.384708657860756 7.1161055713891974 308.05341531336308
leaf_count=1369 142 161 34 2196
internal_value=-1.27903e-05 0.0111206 0.0126601 -0.0112524
internal_weight=671.294 337.241 304.856 334.054
internal_count=3902 1564 1403 2338
is_linear=0
shrinkage=0.01


Tree=78
num_leaves=5
num_cat=0
split_feature=0 5 2 3
split_gain=828.53 59.6502 51.8079 18.9568
threshold=-0.44175426685919622 -0.068425305809513393 -0.3554079148717128 -0.43235276137298201
decision_type=2 2 2 2
left_child=1 -1 3 -2
right_child=2 -3 -4 -5
leaf_value=0.013292998384207465 0.0092605678329928578 -0.0049790975882113651 -0.011635484633917474 -0.0046509805900982462
leaf_weight=285.48220613598824 14.500048473477362 19.059095114469528 318.20312166213989 30.188436761498451
leaf_count=1323 64 98 2268 149
internal_value=-1.28212e-05 0.0121495 -0.0102195 -0.000137108
internal_weight=667.433 304.541 362.892 44.6885
internal_count=3902 1421 2481 213
is_linear=0
shrinkage=0.01


Tree=79
num_leaves=5
num_cat=0
split_feature=4 0 0 4
split_gain=817.395 79.6152 37.1203 18.2639
threshold=-0.37812711804603577 -0.36279703724851037 -0.338122902995171 -0.14148527767838323
decision_type=2 2 2 2
left_child=1 -1 3 -2
right_child=2 -3 -4 -5
leaf_value=0.013173520113593131 0.0029673652783570384 -0.0053468639053394183 -0.01195761507964954 -0.0085297411214311954
leaf_weight=289.072040989995 26.47930072247982 25.237557291984558 293.85371293127537 28.894467368721962
leaf_count=1343 121 142 2130 166
internal_value=-1.28457e-05 0.0116864 -0.0105423 -0.00303192
internal_weight=663.537 314.31 349.227 55.3738
internal_count=3902 1485 2417 287
is_linear=0
shrinkage=0.01


Tree=80
num_leaves=5
num_cat=0
split_feature=1 4 0 4
split_gain=806.8 71.187 41.3547 19.1234
threshold=-0.36857979369291355 -0.16120543104235427 -0.338122902995171 -0.21050581445228186
decision_type=2 2 2 2
left_child=1 -1 3 -2
right_child=2 -3 -4 -5
leaf_value=0.012797965640482356 0.0043001709276120756 -0.007610608918998344 -0.01184129741185147 -0.0090949950613826401
leaf_weight=295.12513680756092 24.956772968173027 18.141957446932793 302.80129155516624 18.601810321211815
leaf_count=1377 111 103 2201 110
internal_value=-1.28787e-05 0.0116161 -0.0105307 -0.00142027
internal_weight=659.627 313.267 346.36 43.5586
internal_count=3902 1480 2422 221
is_linear=0
shrinkage=0.01


Tree=81
num_leaves=5
num_cat=0
split_feature=1 4 0 4
split_gain=795.341 70.106 41.1235 18.8192
threshold=-0.36857979369291355 -0.24994612118022397 -0.338122902995171 -0.21050581445228186
decision_type=2 2 2 2
left_child=1 -1 3 -2
right_child=2 -3 -4 -5
leaf_value=0.012932283795928326 0.0042577311810609829 -0.0047197533866872839 -0.011816584603938692 -0.0090502455771622973
leaf_weight=287.48423038423061 24.953495994210243 24.409452721476555 300.41220115125179 18.507324993610382
leaf_count=1348 111 132 2201 110
internal_value=-1.29249e-05 0.0115508 -0.0105013 -0.00140933
internal_weight=655.767 311.894 343.873 43.4608
internal_count=3902 1480 2422 221
is_linear=0
shrinkage=0.01


Tree=82
num_leaves=5
num_cat=0
split_feature=2 0 4 4
split_gain=784.863 52.4556 45.369 31.7792
threshold=-0.48482634569455468 -0.338122902995171 -0.3682670413640502 -0.21050581445228186
decision_type=2 2 2 2
left_child=2 3 -1 -2
right_child=1 -3 -4 -5
leaf_value=0.01306473624144181 0.0075564784357891965 -0.011653974115622023 -0.00073379119087396336 -0.0090327486446094805
leaf_weight=274.05856315791607 24.577648907899857 305.37026897072792 26.097400218248367 21.78136183321476
leaf_count=1295 109 2242 124 132
internal_value=-1.29616e-05 -0.0101493 0.011865 -0.00023782
internal_weight=651.885 351.729 300.156 46.359
internal_count=3902 2483 1419 241
is_linear=0
shrinkage=0.01


Tree=83
num_leaves=5
num_cat=0
split_feature=1 4 0 4
split_gain=774.142 68.3719 40.3985 18.1354
threshold=-0.36857979369291355 -0.16120543104235427 -0.338122902995171 -0.21050581445228186
decision_type=2 2 2 2
left_child=1 -1 3 -2
right_child=2 -3 -4 -5
leaf_value=0.01260294781333512 0.0041297801763239958 -0.0075018329589414939 -0.011769409954783532 -0.0089721914114606564
leaf_weight=291.06420025229454 24.926153689622879 17.958963885903358 295.71437019109726 18.336199715733528
leaf_count=1377 111 103 2201 110
internal_value=-1.29911e-05 0.0114346 -0.010449 -0.00142332
internal_weight=648 309.023 338.977 43.2624
internal_count=3902 1480 2422 221
is_linear=0
shrinkage=0.01


Tree=84
num_leaves=5
num_cat=0
split_feature=2 4 1 1
split_gain=763.858 68.8138 29.1906 14.7283
threshold=-0.38314043576232176 -0.30910658127213708 -0.23798223542642979 -0.2911886480535158
decision_type=2 2 2 2
left_child=1 2 -1 -2
right_child=3 -3 -4 -5
leaf_value=0.012708877655710034 -0.0037772016900504603 -0.0032323039749245983 -0.0079036005767418611 -0.011710118607882309
leaf_weight=288.10710699856281 25.445933803915977 31.950525045394897 7.0382426530122748 291.61946383118629
leaf_count=1369 142 161 34 2196
internal_value=-1.30344e-05 0.0107082 0.0122173 -0.0110735
internal_weight=644.161 327.096 295.145 317.065
internal_count=3902 1564 1403 2338
is_linear=0
shrinkage=0.01


Tree=85
num_leaves=5
num_cat=0
split_feature=0 5 1 3
split_gain=753.336 55.0212 49.7998 20.3996
threshold=-0.44175426685919622 -0.068425305809513393 -0.23798223542642979 -0.43235276137298201
decision_type=2 2 2 2
left_child=1 -1 3 -2
right_child=2 -3 -4 -5
leaf_value=0.012862572096733041 0.0076173438312525715 -0.0048244351935202998 -0.011649818224410469 -0.005505191958309996
leaf_weight=275.87623533606529 17.732537165284157 18.785868749022484 292.26309914886951 35.688467174768448
leaf_count=1323 85 98 2200 196
internal_value=-1.30589e-05 0.011735 -0.0100271 -0.00114931
internal_weight=640.346 294.662 345.684 53.421
internal_count=3902 1421 2481 281
is_linear=0
shrinkage=0.01


Tree=86
num_leaves=5
num_cat=0
split_feature=4 3 2 1
split_gain=743.895 66.2363 34.826 13.6758
threshold=-0.37812711804603577 -0.3458260325103662 -0.3554079148717128 -0.23798223542642979
decision_type=2 2 2 2
left_child=1 -1 -2 -3
right_child=2 3 -4 -5
leaf_value=0.013002907591772471 -0.0018666981281297325 0.0029660956606191759 -0.011586367416938002 -0.010054042647081166
leaf_weight=268.00635765492916 42.227402836084366 23.875653281807899 290.22740265727043 12.183873683214186
leaf_count=1295 212 112 2205 78
internal_value=-1.30788e-05 0.0112909 -0.0103518 -0.00143318
internal_weight=636.521 304.066 332.455 36.0595
internal_count=3902 1485 2417 190
is_linear=0
shrinkage=0.01


Tree=87
num_leaves=5
num_cat=0
split_feature=2 4 1 1
split_gain=733.48 66.3986 27.9661 14.5613
threshold=-0.38314043576232176 -0.30910658127213708 -0.23798223542642979 -0.2911886480535158
decision_type=2 2 2 2
left_child=1 2 -1 -2
right_child=3 -3 -4 -5
leaf_value=0.012527348788634667 -0.0037249655092876761 -0.0031707522550202816 -0.0077336634100836086 -0.01164260635819161
leaf_weight=283.88491657376289 25.290785655379295 31.834617227315903 6.9800432473421088 284.77177780866623
leaf_count=1369 142 161 34 2196
internal_value=-1.30991e-05 0.0105405 0.0120411 -0.0109968
internal_weight=632.762 322.7 290.865 310.063
internal_count=3902 1564 1403 2338
is_linear=0
shrinkage=0.01


Tree=88
num_leaves=5
num_cat=0
split_feature=1 4 1 4
split_gain=723.846 64.6926 36.1501 16.1816
threshold=-0.36857979369291355 -0.16120543104235427 -0.23798223542642979 -0.14148527767838323
decision_type=2 2 2 2
left_child=1 -1 3 -2
right_child=2 -3 -4 -5
leaf_value=0.0123069378813717 0.0028398406411230658 -0.0073754226362044194 -0.01156512294674128 -0.010878373036707524
leaf_weight=284.22508391737938 27.627022355794907 17.741792678833008 286.89627546072006 12.484055772423742
leaf_count=1377 133 103 2208 81
internal_value=-1.31219e-05 0.0111505 -0.0103219 -0.00142978
internal_weight=628.974 301.967 327.007 40.1111
internal_count=3902 1480 2422 214
is_linear=0
shrinkage=0.01


Tree=89
num_leaves=5
num_cat=0
split_feature=2 0 4 4
split_gain=714.219 54.1106 43.3589 29.1548
threshold=-0.49407051932475771 -0.338122902995171 -0.3682670413640502 -0.21050581445228186
decision_type=2 2 2 2
left_child=2 3 -1 -2
right_child=1 -3 -4 -5
leaf_value=0.012828730332723226 0.0066430270501926575 -0.011475512658063538 -0.00095447336623767534 -0.0088745254843593056
leaf_weight=261.07435403764248 27.719172894954681 289.91836458444595 25.009598314762115 21.498126178979874
leaf_count=1280 124 2244 120 134
internal_value=-1.31583e-05 -0.00982972 0.0116238 -0.000135043
internal_weight=625.22 339.136 286.084 49.2173
internal_count=3902 2502 1400 258
is_linear=0
shrinkage=0.01


Tree=90
num_leaves=5
num_cat=0
split_feature=4 0 0 4
split_gain=704.735 69.5052 35.3619 15.8942
threshold=-0.37812711804603577 -0.36279703724851037 -0.338122902995171 -0.14148527767838323
decision_type=2 2 2 2
left_child=1 -1 3 -2
right_child=2 -3 -4 -5
leaf_value=0.012514992723060231 0.0027313306879612467 -0.005114479344529921 -0.011721093871180685 -0.0081336313953850811
leaf_weight=273.80485765635967 26.222148314118385 24.352466896176338 269.32952134311199 27.673907846212387
leaf_count=1343 121 142 2130 166
internal_value=-1.31787e-05 0.0110751 -0.0102415 -0.00284748
internal_weight=621.383 298.157 323.226 53.8961
internal_count=3902 1485 2417 287
is_linear=0
shrinkage=0.01


Tree=91
num_leaves=5
num_cat=0
split_feature=1 4 0 4
split_gain=695.92 61.9586 38.1631 16.2187
threshold=-0.36857979369291355 -0.16120543104235427 -0.338122902995171 -0.21050581445228186
decision_type=2 2 2 2
left_child=1 -1 3 -2
right_child=2 -3 -4 -5
leaf_value=0.012136676459268119 0.0038526566673446594 -0.0072459943776691065 -0.011597612680278827 -0.0086979746762369786
leaf_weight=280.03977073729038 24.593116298317909 17.524048805236816 277.69676965475082 17.711689233779907
leaf_count=1377 111 103 2201 110
internal_value=-1.32029e-05 0.0109952 -0.0102497 -0.0014019
internal_weight=617.565 297.564 320.002 42.3048
internal_count=3902 1480 2422 221
is_linear=0
shrinkage=0.01


Tree=92
num_leaves=5
num_cat=0
split_feature=2 1 5 0
split_gain=686.268 57.943 20.852 14.5189
threshold=-0.38314043576232176 -0.39276452670522538 0.029630275838259685 -0.338122902995171
decision_type=2 2 2 2
left_child=1 2 -1 -3
right_child=-2 3 -4 -5
leaf_value=0.01257125189639218 -0.010879319270402485 0.0029937967290084608 -0.0058280030704196189 -0.010774274244257295
leaf_weight=259.11839507520199 298.53694090247154 40.388703763484955 6.309522107243537 9.4516927450895292
leaf_count=1288 2338 192 33 51
internal_value=-1.32413e-05 0.0102762 0.0121339 0.000382831
internal_weight=613.805 315.268 265.428 49.8404
internal_count=3902 1564 1321 243
is_linear=0
shrinkage=0.01


Tree=93
num_leaves=5
num_cat=0
split_feature=4 0 0 4
split_gain=677.736 66.7199 34.7774 15.1302
threshold=-0.37812711804603577 -0.36279703724851037 -0.338122902995171 -0.14148527767838323
decision_type=2 2 2 2
left_child=1 -1 3 -2
right_child=2 -3 -4 -5
leaf_value=0.012351485371905169 0.0026119630629981017 -0.0050156339064446739 -0.011662303228169081 -0.0080236769372064518
leaf_weight=269.60710443556309 26.192545503377914 24.097944855690002 262.92863078415394 27.334665164351463
leaf_count=1343 121 142 2130 166
internal_value=-1.32461e-05 0.0109265 -0.0101665 -0.00281932
internal_weight=610.161 293.705 316.456 53.5272
internal_count=3902 1485 2417 287
is_linear=0
shrinkage=0.01


Tree=94
num_leaves=5
num_cat=0
split_feature=1 4 0 4
split_gain=668.98 59.6768 37.3516 15.5574
threshold=-0.36857979369291355 -0.24994612118022397 -0.338122902995171 -0.21050581445228186
decision_type=2 2 2 2
left_child=1 -1 3 -2
right_child=2 -3 -4 -5
leaf_value=0.012180361463391439 0.0037344357922940523 -0.0043737604601738521 -0.011535437570509397 -0.0086071224364913865
leaf_weight=269.49500082433224 24.530706852674484 23.691138356924057 271.15985774248838 17.50108690559864
leaf_count=1348 111 132 2201 110
internal_value=-1.32691e-05 0.0108427 -0.0101758 -0.00140431
internal_weight=606.378 293.186 313.192 42.0318
internal_count=3902 1480 2422 221
is_linear=0
shrinkage=0.01


Tree=95
num_leaves=5
num_cat=0
split_feature=1 4 0 4
split_gain=659.745 58.8674 37.1637 15.3403
threshold=-0.36857979369291355 -0.24994612118022397 -0.338122902995171 -0.14148527767838323
decision_type=2 2 2 2
left_child=1 -1 3 -2
right_child=2 -3 -4 -5
leaf_value=0.012121724422027224 0.0030077189393579906 -0.0043392770362511261 -0.011514433330193887 -0.00970455669379869
leaf_weight=268.09769342839718 27.418388679623604 23.640866860747337 268.94903390854597 14.519563481211661
leaf_count=1348 127 132 2201 94
internal_value=-1.32964e-05 0.0107878 -0.0101491 -0.00139347
internal_weight=602.626 291.739 310.887 41.938
internal_count=3902 1480 2422 221
is_linear=0
shrinkage=0.01


Tree=96
num_leaves=5
num_cat=0
split_feature=0 5 1 3
split_gain=651.141 48.8726 46.0592 18.9209
threshold=-0.44175426685919622 -0.068425305809513393 -0.23798223542642979 -0.43235276137298201
decision_type=2 2 2 2
left_child=1 -1 3 -2
right_child=2 -3 -4 -5
leaf_value=0.012269881553919046 0.0073869699418492793 -0.0046042904860087337 -0.011416272634478815 -0.0054042468677925138
leaf_weight=260.46246407926083 17.366065911948681 18.374964669346809 268.076840095222 34.614251561462879
leaf_count=1323 85 98 2200 196
internal_value=-1.33241e-05 0.0111579 -0.00974582 -0.00113084
internal_weight=598.895 278.837 320.057 51.9803
internal_count=3902 1421 2481 281
is_linear=0
shrinkage=0.01


Tree=97
num_leaves=5
num_cat=0
split_feature=2 0 4 4
split_gain=642.973 50.5815 40.1297 25.9745
threshold=-0.49407051932475771 -0.338122902995171 -0.3682670413640502 -0.21050581445228186
decision_type=2 2 2 2
left_child=2 3 -1 -2
right_child=1 -3 -4 -5
leaf_value=0.012414358306249325 0.006206965015375516 -0.011307046292051006 -0.00094551885164831405 -0.0086200681839232237
leaf_weight=250.00360478460789 27.385485708713531 272.31357175111771 24.705157041549683 20.780770540237427
leaf_count=1280 124 2244 120 134
internal_value=-1.33368e-05 -0.00963622 0.0112129 -0.000189986
internal_weight=595.189 320.48 274.709 48.1663
internal_count=3902 2502 1400 258
is_linear=0
shrinkage=0.01


Tree=98
num_leaves=5
num_cat=0
split_feature=4 0 0 4
split_gain=634.534 62.386 34.0118 14.1878
threshold=-0.37812711804603577 -0.36279703724851037 -0.338122902995171 -0.14148527767838323
decision_type=2 2 2 2
left_child=1 -1 3 -2
right_child=2 -3 -4 -5
leaf_value=0.012087783868457784 0.0025073981345429342 -0.0048622192646044912 -0.011568567902622055 -0.0078541503673504355
leaf_weight=262.4745963960886 26.055061534047127 23.672811083495617 252.42925880849361 26.815882548689842
leaf_count=1343 121 142 2130 166
internal_value=-1.33516e-05 0.0106855 -0.010041 -0.00274793
internal_weight=591.448 286.147 305.3 52.8709
internal_count=3902 1485 2417 287
is_linear=0
shrinkage=0.01


Tree=99
num_leaves=5
num_cat=0
split_feature=1 4 0 3
split_gain=626.301 56.1184 35.949 15.6902
threshold=-0.36857979369291355 -0.16120543104235427 -0.338122902995171 -0.35544011349510124
decision_type=2 2 2 2
left_child=1 3 -2 -1
right_child=2 -3 -4 -5
leaf_value=0.01237278857720959 -0.0014157646680721086 -0.0069839788581533349 -0.011436014820865764 0.0028746176217388725
leaf_weight=250.07360415160656 41.512112990021706 17.074528679251671 260.37736861407757 18.691985785961151
leaf_count=1289 221 103 2201 88
internal_value=-1.33715e-05 0.0105954 -0.0100582 0.0117122
internal_weight=587.73 285.84 301.889 268.766
internal_count=3902 1480 2422 1377
is_linear=0
shrinkage=0.01


end of trees

feature_importances:
Column_4=150
Column_0=97
Column_2=57
Column_1=55
Column_5=27
Column_3=14

parameters:
[boosting: gbdt]
[objective: binary]
[metric: auc]
[tree_learner: serial]
[device_type: cpu]
[data_sample_strategy: bagging]
[data: ]
[valid: ]
[num_iterations: 100]
[learning_rate: 0.01]
[num_leaves: 5]
[num_threads: 0]
[seed: 0]
[deterministic: 0]
[force_col_wise: 0]
[force_row_wise: 0]
[histogram_pool_size: -1]
[max_depth: -1]
[min_data_in_leaf: 20]
[min_sum_hessian_in_leaf: 0.001]
[bagging_fraction: 1]
[pos_bagging_fraction: 1]
[neg_bagging_fraction: 1]
[bagging_freq: 0]
[bagging_seed: 3]
[bagging_by_query: 0]
[feature_fraction: 0.9]
[feature_fraction_bynode: 1]
[feature_fraction_seed: 2]
[extra_trees: 0]
[extra_seed: 6]
[early_stopping_round: 0]
[early_stopping_min_delta: 0]
[first_metric_only: 0]
[max_delta_step: 0]
[lambda_l1: 0]
[lambda_l2: 0]
[linear_lambda: 0]
[min_gain_to_split: 0]
[drop_rate: 0.1]
[max_drop: 50]
[skip_drop: 0.5]
[xgboost_dart_mode: 0]
[uniform_drop: 0]
[drop_seed: 4]
[top_rate: 0.2]
[other_rate: 0.1]
[min_data_per_group: 100]
[max_cat_threshold: 32]
[cat_l2: 10]
[cat_smooth: 10]
[max_cat_to_onehot: 4]
[top_k: 20]
[monotone_constraints: ]
[monotone_constraints_method: basic]
[monotone_penalty: 0]
[feature_contri: ]
[forcedsplits_filename: ]
[refit_decay_rate: 0.9]
[cegb_tradeoff: 1]
[cegb_penalty_split: 0]
[cegb_penalty_feature_lazy: ]
[cegb_penalty_feature_coupled: ]
[path_smooth: 0]
[interaction_constraints: ]
[verbosity: 1]
[saved_feature_importance_type: 0]
[use_quantized_grad: 0]
[num_grad_quant_bins: 4]
[quant_train_renew_leaf: 0]
[stochastic_rounding: 1]
[linear_tree: 0]
[max_bin: 255]
[max_bin_by_feature: ]
[min_data_in_bin: 3]
[bin_construct_sample_cnt: 200000]
[data_random_seed: 1]
[is_enable_sparse: 1]
[enable_bundle: 1]
[use_missing: 1]
[zero_as_missing: 0]
[feature_pre_filter: 1]
[pre_partition: 0]
[two_round: 0]
[header: 0]
[label_column: ]
[weight_column: ]
[group_column: ]
[ignore_column: ]
[categorical_feature: ]
[forcedbins_filename: ]
[precise_float_parser: 0]
[parser_config_file: ]
[objective_seed: 5]
[num_class: 1]
[is_unbalance: 0]
[scale_pos_weight: 1]
[sigmoid: 1]
[boost_from_average: 1]
[reg_sqrt: 0]
[alpha: 0.9]
[fair_c: 1]
[poisson_max_delta_step: 0.7]
[tweedie_variance_power: 1.5]
[lambdarank_truncation_level: 30]
[lambdarank_norm: 1]
[label_gain: ]
[lambdarank_position_bias_regularization: 0]
[eval_at: ]
[multi_error_top_k: 1]
[auc_mu_weights: ]
[num_machines: 1]
[local_listen_port: 12400]
[time_out: 120]
[machine_list_filename: ]
[machines: ]
[gpu_platform_id: -1]
[gpu_device_id: -1]
[gpu_use_dp: 0]
[num_gpu: 1]

end of parameters

pandas_categorical:null
