tree
version=v4
num_class=1
num_tree_per_iteration=1
label_index=0
max_feature_idx=5
objective=binary sigmoid:1
feature_names=sfc_t sfc_td t925 td925 t850 td850
feature_infos=[-25:31.100000000000001] [-31.100000000000001:24] [-29.600000000000001:28] [-42.899999999999999:22.5] [-26.300000000000001:25.800000000000001] [-37.799999999999997:19.100000000000001]
tree_sizes=1688 1719 1717 1724 1726 1732 1730 1715

Tree=0
num_leaves=15
num_cat=0
split_feature=0 4 2 4 3 4 4 4 0 4 4 3 2 2
split_gain=3033.57 253.133 112.68 38.93 14.9796 19.417 9.61443 9.0392 6.70514 7.53928 5.99227 8.32558 3.16849 3.15123
threshold=1.0500000000000003 -0.84999999999999998 -0.54999999999999993 -5.9499999999999993 -3.4499999999999997 -0.94999999999999984 -2.0499999999999994 0.15000000000000005 2.1000000000000005 -1.4499999999999997 -2.3499999999999992 -2.9499999999999997 -2.0499999999999994 -5.8499999999999988
decision_type=2 2 2 2 2 2 2 2 2 2 2 2 2 2
left_child=1 6 3 -2 5 -5 13 -3 9 -6 11 -4 -9 -1
right_child=2 7 10 4 8 -7 -8 12 -10 -11 -12 -13 -14 -15
leaf_value=-0.56176382599315444 -0.56473753946527705 -0.58765603770951336 -0.58765603770951336 -0.56877248633926236 -0.58559184383503249 -0.59561365467490346 -0.57328726473339719 -0.59607098898325916 -0.60218184645586037 -0.59946411449686643 -0.60496799839291571 -0.6027934594557065 -0.60508700820512973 -0.56395889866336513
leaf_weight=196.66145972907543 6.1958686262369147 6.8842984735965755 4.5895323157310512 5.5074387788772583 8.7201113998889888 5.2779621630907041 8.4906347841024381 6.6548218578100249 10.326447710394858 7.1137750893831297 504.16012488305569 17.440222799777985 9.408541247248646 97.986514940857887
leaf_count=857 27 30 20 24 38 23 37 29 45 31 2197 76 41 427
internal_value=-0.589541 -0.56522 -0.603471 -0.587934 -0.591824 -0.581908 -0.562796 -0.597243 -0.595913 -0.591824 -0.604745 -0.59964 -0.601352 -0.562494
internal_weight=895.418 326.086 569.331 43.1416 36.9457 10.7854 303.139 22.9477 26.1603 15.8339 526.19 22.0298 16.0634 294.648
internal_count=3902 1421 2481 188 161 47 1321 100 114 69 2293 96 70 1284
is_linear=0
shrinkage=1


Tree=1
num_leaves=15
num_cat=0
split_feature=0 4 4 0 4 3 4 4 4 1 4 3 5 3
split_gain=2964.65 245.08 102.347 52.497 31.6989 12.9545 9.23993 8.90493 6.49161 3.64165 3.14183 7.01584 2.45828 1.75859
threshold=1.0500000000000003 -0.84999999999999998 -5.7499999999999991 2.1000000000000005 -1.8499999999999999 -2.8499999999999992 -2.0499999999999994 0.15000000000000005 0.25000000000000006 -0.54999999999999993 -1.9499999999999997 -2.6499999999999999 -5.1499999999999995 -2.6499999999999999
decision_type=2 2 2 2 2 2 2 2 2 2 2 2 2 2
left_child=1 6 -2 4 5 -4 9 -3 -6 13 11 -5 -11 -1
right_child=2 7 3 10 8 -7 -8 -9 -10 12 -12 -13 -14 -15
leaf_value=0.026905522469722873 0.021500983643128503 0.0018652908817123732 0.020534063504222121 -0.002643575809256068 -0.0024009968935238156 0.00064546647121424387 0.016017221788230913 -0.011732785845962769 -0.012379267618759213 0.015776436310193497 -0.015461172468514641 -0.014614146095582814 0.025609548218207968 0.021807411613775703
leaf_weight=279.78658457100391 8.0745951980352384 6.8880119919776943 5.5305171608924857 6.1975084990263012 9.1584874540567416 8.0303594768047315 8.5297503620386106 16.008525714278221 22.630606114864349 5.0848604142665863 484.09651121497154 23.315869927406311 5.0848604142665845 6.9339005649089804
leaf_count=1210 35 30 24 27 40 35 37 70 99 22 2119 102 22 30
internal_value=-5.61204e-07 0.0239132 -0.0138468 -0.0143574 -0.00404394 0.00875661 0.0262788 -0.00764205 -0.00950451 0.0265737 -0.0152681 -0.0121004 0.020693 0.0267822
internal_weight=895.351 328.316 567.034 558.96 45.35 13.5609 305.42 22.8965 31.7891 296.89 513.61 29.5134 10.1697 286.72
internal_count=3902 1421 2481 2446 198 59 1321 100 139 1284 2248 129 44 1240
is_linear=0
shrinkage=0.01


Tree=2
num_leaves=15
num_cat=0
split_feature=2 4 0 4 4 0 3 0 4 4 4 3 5 3
split_gain=2898.84 186.188 108.204 92.1041 19.1907 14.8061 11.6594 8.98742 8.55051 6.65713 5.93973 5.11493 2.64216 2.0329
threshold=-1.6499999999999997 -1.2499999999999998 1.4000000000000001 -0.74999999999999989 -5.4499999999999993 0.80000000000000016 -3.7499999999999996 2.1000000000000005 1.0000000180025095e-35 -4.6499999999999995 0.25000000000000006 -1.4499999999999997 -3.3499999999999992 -4.1499999999999995
decision_type=2 2 2 2 2 2 2 2 2 2 2 2 2 2
left_child=1 5 3 11 -4 12 -7 10 13 -8 -6 -2 -1 -3
right_child=2 8 4 -5 7 6 9 -9 -10 -11 -12 -13 -14 -15
leaf_value=0.026337116787447511 0.024373483417681401 0.008264155632439138 0.0049448683117168449 -0.013045063457757394 -0.0018107699305855646 0.026090306856253478 0.01921763703316955 -0.015300129995329351 -0.0088629917818502362 0.0036053410239739857 -0.01291338149145012 0.013238356301769233 0.02010229898053988 -0.0010264655630139096
leaf_weight=280.39909893274307 10.211347073316576 4.6058705151081085 4.8492902070283881 16.864482656121254 8.0216149091720599 8.3580689579248446 4.8636298328638077 506.25894881784916 13.689491555094717 6.2293058037757856 12.067382290959356 6.9213784337043753 6.9657548666000357 4.8197398483753222
leaf_count=1204 44 20 21 74 35 36 21 2226 60 27 53 30 30 21
internal_value=-1.09515e-06 0.0235525 -0.0137505 0.00354487 -0.0148574 0.0256145 0.0171709 -0.0150398 -0.00381627 0.0104505 -0.00848007 0.019875 0.026186 0.00351344
internal_weight=895.125 329.931 565.194 33.9972 531.197 306.816 19.451 526.348 23.1151 11.0929 20.089 17.1327 287.365 9.42561
internal_count=3902 1419 2483 148 2335 1318 84 2314 101 48 88 74 1234 41
is_linear=0
shrinkage=0.01


Tree=3
num_leaves=15
num_cat=0
split_feature=0 5 2 3 5 0 5 1 1 2 5 5 5 1
split_gain=2834.77 223.876 108.752 31.9372 16.75 7.531 9.82815 7.11859 6.63211 6.49373 6.09959 5.27043 2.57443 2.42805
threshold=1.0500000000000003 -1.8499999999999999 -0.54999999999999993 -3.4499999999999997 -3.9499999999999997 1.8500000000000003 -4.0499999999999989 -2.7499999999999996 1.0000000180025095e-35 -1.7499999999999998 -3.2499999999999996 -6.6499999999999995 -0.44999999999999996 -0.54999999999999993
decision_type=2 2 2 2 2 2 2 2 2 2 2 2 2 2
left_child=1 7 3 4 -2 6 -5 -1 11 12 13 -4 -3 -9
right_child=2 9 8 5 -6 -7 -8 10 -10 -11 -12 -13 -14 -15
leaf_value=0.026088975834533189 0.019261565474917704 0.0014753080473975538 -7.3684943447433385e-05 0.010664068271690219 -0.0030014647129455482 -0.010685888963028989 -0.0065161176251203757 0.024379739060684375 -0.015197338057546469 -0.014199936086893761 0.01290407850038559 -0.012084747210846547 -0.0071996582586289805 0.018914604527339129
leaf_weight=251.09009312093258 11.397654667496683 6.4414894878864288 4.5591096729040173 5.3132973164319983 4.8038042038679114 12.74406439065933 8.919595271348955 42.61724890768528 496.23074287176132 8.6316685676574689 6.2708698511123648 18.387353822588921 7.2953741401433962 10.04557281732559
leaf_count=1071 49 28 20 23 21 56 39 182 2192 38 27 81 32 43
internal_value=-1.6022e-06 0.0231504 -0.0136861 0.00156274 0.0126605 -0.00510218 -0.000102563 0.0253549 -0.0149543 -0.00740282 0.0222271 -0.00969833 -0.00313179 0.0233373
internal_weight=894.748 332.392 562.356 43.1784 16.2015 26.977 14.2329 310.024 519.177 22.3685 58.9337 22.9465 13.7369 52.6628
internal_count=3902 1421 2481 188 70 118 62 1323 2293 98 252 101 60 225
is_linear=0
shrinkage=0.01


Tree=4
num_leaves=15
num_cat=0
split_feature=0 4 4 0 4 4 3 4 4 1 4 3 5 3
split_gain=2772.93 223.964 97.8053 50.9816 30.1243 13.0797 12.1733 6.28474 4.0961 3.26384 3.0831 6.84174 2.37537 1.59277
threshold=1.0500000000000003 -0.44999999999999996 -5.7499999999999991 2.1000000000000005 -1.8499999999999999 -2.0499999999999994 -2.8499999999999992 0.25000000000000006 0.15000000000000005 -0.54999999999999993 -1.9499999999999997 -2.6499999999999999 -5.1499999999999995 -2.6499999999999999
decision_type=2 2 2 2 2 2 2 2 2 2 2 2 2 2
left_child=1 5 -2 4 6 9 -4 -6 -3 13 11 -5 -11 -1
right_child=2 8 3 10 7 -7 -8 -9 -10 12 -12 -13 -14 -15
leaf_value=0.025586896483753278 0.020709931104015644 -0.0010075076214882562 0.019794632805390878 -0.0025195929783273048 -0.0023180010207962823 0.014030687040918983 0.00059328150482255884 -0.012160269427715071 -0.011536269421851287 0.014954780622650996 -0.015217083555847305 -0.014376126345490016 0.024543486620175279 0.020776814674398621
leaf_weight=285.48744383454323 8.1834788173437101 4.8169399946928051 5.6017594635486594 6.171801149845126 9.1338553279638308 10.709275022149084 8.0415125042200071 22.394988730549812 15.864301472902296 5.1632970869541168 477.41346825659275 23.018738150596619 5.1707712262868863 7.0542264580726615
leaf_count=1210 35 21 24 27 40 46 35 99 70 22 2119 102 22 30
internal_value=-2.08059e-06 0.0227897 -0.0136075 -0.0141165 -0.00393707 0.0248918 0.00847712 -0.00930898 -0.00908398 0.0252758 -0.0150242 -0.0118693 0.0197526 0.0254709
internal_weight=894.226 334.266 559.96 551.776 45.1721 313.585 13.6433 31.5288 20.6812 302.876 506.604 29.1905 10.3341 292.542
internal_count=3902 1421 2481 2446 198 1330 59 139 91 1284 2248 129 44 1240
is_linear=0
shrinkage=0.01


Tree=5
num_leaves=15
num_cat=0
split_feature=2 4 1 4 1 1 1 2 4 2 2 4 1 4
split_gain=2714.21 169.789 94.804 81.7983 13.2132 13.1155 9.5269 9.40781 9.32089 6.98451 3.49127 3.04611 2.43503 2.23627
threshold=-1.6499999999999997 -1.2499999999999998 1.0000000180025095e-35 -0.44999999999999996 -0.79999999999999993 -1.3499999999999999 -1.0000000180025095e-35 -0.24999999999999997 1.0000000180025095e-35 -0.54999999999999993 -2.0499999999999994 -4.0499999999999989 1.0500000000000003 -4.0499999999999989
decision_type=2 2 2 2 2 2 2 2 2 2 2 2 2 2
left_child=1 4 3 5 11 13 8 -7 -3 12 -6 -1 -4 -2
right_child=2 6 9 -5 10 7 -8 -9 -10 -11 -12 -13 -14 -15
leaf_value=0.025255117760374896 0.024426575978998999 0.009689471421974646 -0.003327815589653726 -0.014011102023202299 0.019383236586346622 0.011853554584061194 -0.012778541685328841 -0.0031554103145103002 -0.0060372309310632493 -0.015039155693445508 0.010456195915988691 0.021304951380171869 -0.01208046266451345 0.015363569217344617
leaf_weight=269.60221762955189 4.9366543143987656 6.6993111670017269 6.6085948050022107 24.787220492959023 15.772960945963861 9.7528449296951312 7.7250175625085822 7.3038191497325888 8.6147322058677656 492.44528764486313 6.0656993538141242 21.045428439974785 6.1239625811576843 6.0704427212476748
leaf_count=1136 21 29 29 110 67 42 34 32 38 2196 26 89 27 26
internal_value=-2.53996e-06 0.0224739 -0.0135169 -0.000773642 0.0244054 0.0109183 -0.00372458 0.00542658 0.000842603 -0.0148501 0.0169037 0.0249691 -0.00753757 0.0194283
internal_weight=893.554 335.525 558.029 52.851 312.486 28.0638 23.0391 17.0567 15.314 505.178 21.8387 290.648 12.7326 11.0071
internal_count=3902 1419 2483 231 1318 121 101 74 67 2252 93 1225 56 47
is_linear=0
shrinkage=0.01


Tree=6
num_leaves=15
num_cat=0
split_feature=0 5 2 3 5 0 5 1 1 2 5 5 5 2
split_gain=2656.7 205.361 104.866 30.293 15.5374 7.27501 9.35818 6.45841 6.3773 6.29679 5.60781 5.12259 2.42533 2.28039
threshold=1.0500000000000003 -1.8499999999999999 -0.54999999999999993 -3.4499999999999997 -3.9499999999999997 1.8500000000000003 -4.0499999999999989 1.0000000180025095e-35 -2.7499999999999996 -1.7499999999999998 -3.2499999999999996 -6.6499999999999995 -0.44999999999999996 0.55000000000000016
decision_type=2 2 2 2 2 2 2 2 2 2 2 2 2 2
left_child=1 8 3 4 -2 6 -5 11 -1 12 -10 -4 -3 -13
right_child=2 9 7 5 -6 -7 -8 -9 10 -11 -12 13 -14 -15
leaf_value=0.024874999444713514 0.018533296662803119 0.0014026321029854609 -1.9841453696818184e-05 0.010334758806162648 -0.0028982382422724664 -0.01053690054202451 -0.0064079836048552396 -0.014961648014859137 0.022301880859462452 -0.013999024124779096 0.012353189544978143 -0.0067547145870057827 -0.0070269478640104799 -0.014326219594062415
leaf_weight=255.56395250558853 11.536997303366663 6.4522605836391449 4.5493126362562206 5.3486100733280173 4.7861118763685218 12.65507188439369 8.8825514763593691 489.1538148522377 53.504358261823654 8.5354564934968931 6.3368316143751136 5.8724496811628368 7.2464953660964984 12.329367667436598
leaf_count=1071 49 28 20 23 21 56 39 2192 225 38 27 26 32 55
internal_value=-2.97459e-06 0.0221163 -0.0134566 0.00150337 0.0122493 -0.00502071 -0.000115426 -0.0147194 0.0241869 -0.00725722 0.0212484 -0.00951119 -0.00305653 -0.0118834
internal_weight=892.754 337.639 555.114 43.2093 16.3231 26.8862 14.2312 511.905 315.405 22.2342 59.8412 22.7511 13.6988 18.2018
internal_count=3902 1421 2481 188 70 118 62 2293 1323 98 252 101 60 81
is_linear=0
shrinkage=0.01


Tree=7
num_leaves=15
num_cat=0
split_feature=2 4 0 4 4 0 3 0 4 4 4 3 5 3
split_gain=2600.88 160.461 102.387 84.2723 17.8403 12.2933 10.5221 8.71889 7.93005 6.10079 5.66369 4.43687 2.23277 1.86227
threshold=-1.6499999999999997 -1.2499999999999998 1.4000000000000001 -0.74999999999999989 -5.4499999999999993 0.80000000000000016 -3.7499999999999996 2.1000000000000005 1.0000000180025095e-35 -4.6499999999999995 0.25000000000000006 -1.4499999999999997 -3.3499999999999992 -4.1499999999999995
decision_type=2 2 2 2 2 2 2 2 2 2 2 2 2 2
left_child=1 5 3 11 -4 12 -7 10 13 -8 -6 -2 -1 -3
right_child=2 8 4 -5 7 6 9 -9 -10 -11 -12 -13 -14 -15
leaf_value=0.024323690558586325 0.022908570612305793 0.0078565823057252879 0.0045359156903618395 -0.01271050723092843 -0.0016298527918068907 0.024402275536970372 0.01798494599665168 -0.014910661230320015 -0.008592107789029791 0.0031594666023214819 -0.012534161617168121 0.012620141576408677 0.01866034753900063 -0.001016544228698269
leaf_weight=288.76190684735775 10.444004699587824 4.6468294560909271 4.892687812447547 16.570812687277794 7.9735218584537533 8.5721271336078662 4.9660311043262482 494.37645846605301 13.535581856966017 6.2930911481380445 11.830739438533781 7.0016036480665198 7.1333908289670935 4.8175074607133883
leaf_count=1204 44 20 21 74 35 36 21 2226 60 27 53 30 30 21
internal_value=-3.388e-06 0.0218187 -0.0133678 0.00343937 -0.0144692 0.0236763 0.0160543 -0.01465 -0.00368211 0.0096985 -0.00814391 0.0187794 0.0241872 0.00334001
internal_weight=891.816 338.726 553.09 34.0164 519.073 315.727 19.8312 514.181 22.9999 11.2591 19.8043 17.4456 295.895 9.46434
internal_count=3902 1419 2483 148 2335 1318 84 2314 101 48 88 74 1234 41
is_linear=0
shrinkage=0.01


end of trees

feature_importances:
t850=38
sfc_t=16
td925=16
td850=16
t925=14
sfc_td=12

parameters:
[boosting: gbdt]
[objective: binary]
[metric: auc]
[tree_learner: serial]
[device_type: cpu]
[data_sample_strategy: bagging]
[data: ]
[valid: ]
[num_iterations: 100]
[learning_rate: 0.01]
[num_leaves: 15]
[num_threads: 0]
[seed: 0]
[deterministic: 0]
[force_col_wise: 0]
[force_row_wise: 0]
[histogram_pool_size: -1]
[max_depth: 6]
[min_data_in_leaf: 20]
[min_sum_hessian_in_leaf: 0.001]
[bagging_fraction: 1]
[pos_bagging_fraction: 1]
[neg_bagging_fraction: 1]
[bagging_freq: 0]
[bagging_seed: 3]
[bagging_by_query: 0]
[feature_fraction: 0.9]
[feature_fraction_bynode: 1]
[feature_fraction_seed: 2]
[extra_trees: 0]
[extra_seed: 6]
[early_stopping_round: 3]
[early_stopping_min_delta: 0]
[first_metric_only: 0]
[max_delta_step: 0]
[lambda_l1: 0]
[lambda_l2: 0]
[linear_lambda: 0]
[min_gain_to_split: 0]
[drop_rate: 0.1]
[max_drop: 50]
[skip_drop: 0.5]
[xgboost_dart_mode: 0]
[uniform_drop: 0]
[drop_seed: 4]
[top_rate: 0.2]
[other_rate: 0.1]
[min_data_per_group: 100]
[max_cat_threshold: 32]
[cat_l2: 10]
[cat_smooth: 10]
[max_cat_to_onehot: 4]
[top_k: 20]
[monotone_constraints: ]
[monotone_constraints_method: basic]
[monotone_penalty: 0]
[feature_contri: ]
[forcedsplits_filename: ]
[refit_decay_rate: 0.9]
[cegb_tradeoff: 1]
[cegb_penalty_split: 0]
[cegb_penalty_feature_lazy: ]
[cegb_penalty_feature_coupled: ]
[path_smooth: 0]
[interaction_constraints: ]
[verbosity: 1]
[saved_feature_importance_type: 0]
[use_quantized_grad: 0]
[num_grad_quant_bins: 4]
[quant_train_renew_leaf: 0]
[stochastic_rounding: 1]
[linear_tree: 0]
[max_bin: 255]
[max_bin_by_feature: ]
[min_data_in_bin: 3]
[bin_construct_sample_cnt: 200000]
[data_random_seed: 1]
[is_enable_sparse: 1]
[enable_bundle: 1]
[use_missing: 1]
[zero_as_missing: 0]
[feature_pre_filter: 1]
[pre_partition: 0]
[two_round: 0]
[header: 0]
[label_column: ]
[weight_column: ]
[group_column: ]
[ignore_column: ]
[categorical_feature: ]
[forcedbins_filename: ]
[precise_float_parser: 0]
[parser_config_file: ]
[objective_seed: 5]
[num_class: 1]
[is_unbalance: 0]
[scale_pos_weight: 1]
[sigmoid: 1]
[boost_from_average: 1]
[reg_sqrt: 0]
[alpha: 0.9]
[fair_c: 1]
[poisson_max_delta_step: 0.7]
[tweedie_variance_power: 1.5]
[lambdarank_truncation_level: 30]
[lambdarank_norm: 1]
[label_gain: ]
[lambdarank_position_bias_regularization: 0]
[eval_at: ]
[multi_error_top_k: 1]
[auc_mu_weights: ]
[num_machines: 1]
[local_listen_port: 12400]
[time_out: 120]
[machine_list_filename: ]
[machines: ]
[gpu_platform_id: -1]
[gpu_device_id: -1]
[gpu_use_dp: 0]
[num_gpu: 1]

end of parameters

pandas_categorical:[]
